-79, 109, -98, -92, -4, -113, -8, -65, -47, -83, 105, 53, -42, -34, 113, -122, -31, 54, -60, 23, 81, 21, 39, 26, 107
109, -98, -92, -4, 54, -8, -65, -47, -83, -90, 53, -42, -34, 113, 64, -31, 54, -60, 23, -54, 21, 39, 26, 107, -73
-98, -92, -4, 54, 33, -65, -47, -83, -90, -126, -42, -34, 113, 64, 42, 54, -60, 23, -54, 64, 39, 26, 107, -73, -110
-92, -4, 54, 33, -94, -47, -83, -90, -126, 15, -34, 113, 64, 42, -52, -60, 23, -54, 64, 95, 26, 107, -73, -110, -22
-4, 54, 33, -94, -38, -83, -90, -126, 15, -79, 113, 64, 42, -52, -124, 23, -54, 64, 95, -27, 107, -73, -110, -22, 74
54, 33, -94, -38, -107, -90, -126, 15, -79, -106, 64, 42, -52, -124, -80, -54, 64, 95, -27, -114, -73, -110, -22, 74, 76
33, -94, -38, -107, 12, -126, 15, -79, -106, 26, 42, -52, -124, -80, -29, 64, 95, -27, -114, 89, -110, -22, 74, 76, -122
-94, -38, -107, 12, -4, 15, -79, -106, 26, -115, -52, -124, -80, -29, 95, 95, -27, -114, 89, -48, -22, 74, 76, -122, -65
-38, -107, 12, -4, 5, -79, -106, 26, -115, 111, -124, -80, -29, 95, -46, -27, -114, 89, -48, 0, 74, 76, -122, -65, 35
-107, 12, -4, 5, 7, -106, 26, -115, 111, 114, -80, -29, 95, -46, -52, -114, 89, -48, 0, -87, 76, -122, -65, 35, -92
12, -4, 5, 7, 122, 26, -115, 111, 114, 77, -29, 95, -46, -52, 44, 89, -48, 0, -87, -122, -122, -65, 35, -92, -6
-4, 5, 7, 122, -93, -115, 111, 114, 77, -113, 95, -46, -52, 44, -110, -48, 0, -87, -122, -81, -65, 35, -92, -6, -38
5, 7, 122, -93, 112, 111, 114, 77, -113, -39, -46, -52, 44, -110, -6, 0, -87, -122, -81, -51, 35, -92, -6, -38, -1
7, 122, -93, 112, -5, 114, 77, -113, -39, -78, -52, 44, -110, -6, -26, -87, -122, -81, -51, 41, -92, -6, -38, -1, 50
122, -93, 112, -5, 87, 77, -113, -39, -78, -39, 44, -110, -6, -26, -127, -122, -81, -51, 41, -23, -6, -38, -1, 50, -68
-93, 112, -5, 87, -85, -113, -39, -78, -39, 14, -110, -6, -26, -127, 11, -81, -51, 41, -23, -71, -38, -1, 50, -68, -54
112, -5, 87, -85, -31, -39, -78, -39, 14, -112, -6, -26, -127, 11, 20, -51, 41, -23, -71, 72, -1, 50, -68, -54, 46
-5, 87, -85, -31, 71, -78, -39, 14, -112, -61, -26, -127, 11, 20, -51, 41, -23, -71, 72, -96, 50, -68, -54, 46, -112
87, -85, -31, 71, 47, -39, 14, -112, -61, 46, -127, 11, 20, -51, 60, -23, -71, 72, -96, -32, -68, -54, 46, -112, -7
-85, -31, 71, 47, -6, 14, -112, -61, 46, 116, 11, 20, -51, 60, 86, -71, 72, -96, -32, 47, -54, 46, -112, -7, -33
-31, 71, 47, -6, 50, -112, -61, 46, 116, -115, 20, -51, 60, 86, 125, 72, -96, -32, 47, 70, 46, -112, -7, -33, 72
71, 47, -6, 50, -60, -61, 46, 116, -115, 7, -51, 60, 86, 125, 124, -96, -32, 47, 70, -128, -112, -7, -33, 72, -105
47, -6, 50, -60, -26, 46, 116, -115, 7, -118, 60, 86, 125, 124, -15, -32, 47, 70, -128, 22, -7, -33, 72, -105, -70
-6, 50, -60, -26, 108, 116, -115, 7, -118, -75, 86, 125, 124, -15, -9, 47, 70, -128, 22, 80, -33, 72, -105, -70, 0
50, -60, -26, 108, 62, -115, 7, -118, -75, -17, 125, 124, -15, -9, -15, 70, -128, 22, 80, 14, 72, -105, -70, 0, -41
-60, -26, 108, 62, 65, 7, -118, -75, -17, -91, 124, -15, -9, -15, 74, -128, 22, 80, 14, 33, -105, -70, 0, -41, -88
-26, 108, 62, 65, -72, -118, -75, -17, -91, -1, -15, -9, -15, 74, -73, 22, 80, 14, 33, -87, -70, 0, -41, -88, -18
108, 62, 65, -72, -31, -75, -17, -91, -1, -105, -9, -15, 74, -73, -76, 80, 14, 33, -87, 20, 0, -41, -88, -18, -49
-113, -8, -65, -47, -83, 105, 53, -42, -34, 113, -122, -31, 54, -60, 23, 81, 21, 39, 26, 107, 48, -35, 2, 54, 54
-8, -65, -47, -83, -90, 53, -42, -34, 113, 64, -31, 54, -60, 23, -54, 21, 39, 26, 107, -73, -35, 2, 54, 54, 97
-65, -47, -83, -90, -126, -42, -34, 113, 64, 42, 54, -60, 23, -54, 64, 39, 26, 107, -73, -110, 2, 54, 54, 97, -22
-47, -83, -90, -126, 15, -34, 113, 64, 42, -52, -60, 23, -54, 64, 95, 26, 107, -73, -110, -22, 54, 54, 97, -22, 93
-83, -90, -126, 15, -79, 113, 64, 42, -52, -124, 23, -54, 64, 95, -27, 107, -73, -110, -22, 74, 54, 97, -22, 93, -101
-90, -126, 15, -79, -106, 64, 42, -52, -124, -80, -54, 64, 95, -27, -114, -73, -110, -22, 74, 76, 97, -22, 93, -101, -38
-126, 15, -79, -106, 26, 42, -52, -124, -80, -29, 64, 95, -27, -114, 89, -110, -22, 74, 76, -122, -22, 93, -101, -38, 51
15, -79, -106, 26, -115, -52, -124, -80, -29, 95, 95, -27, -114, 89, -48, -22, 74, 76, -122, -65, 93, -101, -38, 51, 87
-79, -106, 26, -115, 111, -124, -80, -29, 95, -46, -27, -114, 89, -48, 0, 74, 76, -122, -65, 35, -101, -38, 51, 87, 12
-106, 26, -115, 111, 114, -80, -29, 95, -46, -52, -114, 89, -48, 0, -87, 76, -122, -65, 35, -92, -38, 51, 87, 12, 10
26, -115, 111, 114, 77, -29, 95, -46, -52, 44, 89, -48, 0, -87, -122, -122, -65, 35, -92, -6, 51, 87, 12, 10, -57
-115, 111, 114, 77, -113, 95, -46, -52, 44, -110, -48, 0, -87, -122, -81, -65, 35, -92, -6, -38, 87, 12, 10, -57, 48
111, 114, 77, -113, -39, -46, -52, 44, -110, -6, 0, -87, -122, -81, -51, 35, -92, -6, -38, -1, 12, 10, -57, 48, -89
114, 77, -113, -39, -78, -52, 44, -110, -6, -26, -87, -122, -81, -51, 41, -92, -6, -38, -1, 50, 10, -57, 48, -89, -1
77, -113, -39, -78, -39, 44, -110, -6, -26, -127, -122, -81, -51, 41, -23, -6, -38, -1, 50, -68, -57, 48, -89, -1, -3
-113, -39, -78, -39, 14, -110, -6, -26, -127, 11, -81, -51, 41, -23, -71, -38, -1, 50, -68, -54, 48, -89, -1, -3, -107
-39, -78, -39, 14, -112, -6, -26, -127, 11, 20, -51, 41, -23, -71, 72, -1, 50, -68, -54, 46, -89, -1, -3, -107, -27
-78, -39, 14, -112, -61, -26, -127, 11, 20, -51, 41, -23, -71, 72, -96, 50, -68, -54, 46, -112, -1, -3, -107, -27, -45
-39, 14, -112, -61, 46, -127, 11, 20, -51, 60, -23, -71, 72, -96, -32, -68, -54, 46, -112, -7, -3, -107, -27, -45, -41
14, -112, -61, 46, 116, 11, 20, -51, 60, 86, -71, 72, -96, -32, 47, -54, 46, -112, -7, -33, -107, -27, -45, -41, 2
-112, -61, 46, 116, -115, 20, -51, 60, 86, 125, 72, -96, -32, 47, 70, 46, -112, -7, -33, 72, -27, -45, -41, 2, 32
-61, 46, 116, -115, 7, -51, 60, 86, 125, 124, -96, -32, 47, 70, -128, -112, -7, -33, 72, -105, -45, -41, 2, 32, -93
46, 116, -115, 7, -118, 60, 86, 125, 124, -15, -32, 47, 70, -128, 22, -7, -33, 72, -105, -70, -41, 2, 32, -93, -97
116, -115, 7, -118, -75, 86, 125, 124, -15, -9, 47, 70, -128, 22, 80, -33, 72, -105, -70, 0, 2, 32, -93, -97, 28
-115, 7, -118, -75, -17, 125, 124, -15, -9, -15, 70, -128, 22, 80, 14, 72, -105, -70, 0, -41, 32, -93, -97, 28, -126
7, -118, -75, -17, -91, 124, -15, -9, -15, 74, -128, 22, 80, 14, 33, -105, -70, 0, -41, -88, -93, -97, 28, -126, -127
-118, -75, -17, -91, -1, -15, -9, -15, 74, -73, 22, 80, 14, 33, -87, -70, 0, -41, -88, -18, -97, 28, -126, -127, 34
-75, -17, -91, -1, -105, -9, -15, 74, -73, -76, 80, 14, 33, -87, 20, 0, -41, -88, -18, -49, 28, -126, -127, 34, -46
105, 53, -42, -34, 113, -122, -31, 54, -60, 23, 81, 21, 39, 26, 107, 48, -35, 2, 54, 54, -20, -60, 80, -75, -9
53, -42, -34, 113, 64, -31, 54, -60, 23, -54, 21, 39, 26, 107, -73, -35, 2, 54, 54, 97, -60, 80, -75, -9, 49
-42, -34, 113, 64, 42, 54, -60, 23, -54, 64, 39, 26, 107, -73, -110, 2, 54, 54, 97, -22, 80, -75, -9, 49, -1
-34, 113, 64, 42, -52, -60, 23, -54, 64, 95, 26, 107, -73, -110, -22, 54, 54, 97, -22, 93, -75, -9, 49, -1, -44
113, 64, 42, -52, -124, 23, -54, 64, 95, -27, 107, -73, -110, -22, 74, 54, 97, -22, 93, -101, -9, 49, -1, -44, 75
64, 42, -52, -124, -80, -54, 64, 95, -27, -114, -73, -110, -22, 74, 76, 97, -22, 93, -101, -38, 49, -1, -44, 75, 35
42, -52, -124, -80, -29, 64, 95, -27, -114, 89, -110, -22, 74, 76, -122, -22, 93, -101, -38, 51, -1, -44, 75, 35, 12
-52, -124, -80, -29, 95, 95, -27, -114, 89, -48, -22, 74, 76, -122, -65, 93, -101, -38, 51, 87, -44, 75, 35, 12, 124
-124, -80, -29, 95, -46, -27, -114, 89, -48, 0, 74, 76, -122, -65, 35, -101, -38, 51, 87, 12, 75, 35, 12, 124, 65
-80, -29, 95, -46, -52, -114, 89, -48, 0, -87, 76, -122, -65, 35, -92, -38, 51, 87, 12, 10, 35, 12, 124, 65, -113
-29, 95, -46, -52, 44, 89, -48, 0, -87, -122, -122, -65, 35, -92, -6, 51, 87, 12, 10, -57, 12, 124, 65, -113, -113
95, -46, -52, 44, -110, -48, 0, -87, -122, -81, -65, 35, -92, -6, -38, 87, 12, 10, -57, 48, 124, 65, -113, -113, 36
-46, -52, 44, -110, -6, 0, -87, -122, -81, -51, 35, -92, -6, -38, -1, 12, 10, -57, 48, -89, 65, -113, -113, 36, -66
-52, 44, -110, -6, -26, -87, -122, -81, -51, 41, -92, -6, -38, -1, 50, 10, -57, 48, -89, -1, -113, -113, 36, -66, 84
44, -110, -6, -26, -127, -122, -81, -51, 41, -23, -6, -38, -1, 50, -68, -57, 48, -89, -1, -3, -113, 36, -66, 84, -113
-110, -6, -26, -127, 11, -81, -51, 41, -23, -71, -38, -1, 50, -68, -54, 48, -89, -1, -3, -107, 36, -66, 84, -113, -40
-6, -26, -127, 11, 20, -51, 41, -23, -71, 72, -1, 50, -68, -54, 46, -89, -1, -3, -107, -27, -66, 84, -113, -40, 126
-26, -127, 11, 20, -51, 41, -23, -71, 72, -96, 50, -68, -54, 46, -112, -1, -3, -107, -27, -45, 84, -113, -40, 126, -23
-127, 11, 20, -51, 60, -23, -71, 72, -96, -32, -68, -54, 46, -112, -7, -3, -107, -27, -45, -41, -113, -40, 126, -23, 53
11, 20, -51, 60, 86, -71, 72, -96, -32, 47, -54, 46, -112, -7, -33, -107, -27, -45, -41, 2, -40, 126, -23, 53, -62
20, -51, 60, 86, 125, 72, -96, -32, 47, 70, 46, -112, -7, -33, 72, -27, -45, -41, 2, 32, 126, -23, 53, -62, 8
-51, 60, 86, 125, 124, -96, -32, 47, 70, -128, -112, -7, -33, 72, -105, -45, -41, 2, 32, -93, -23, 53, -62, 8, 33
60, 86, 125, 124, -15, -32, 47, 70, -128, 22, -7, -33, 72, -105, -70, -41, 2, 32, -93, -97, 53, -62, 8, 33, 38
86, 125, 124, -15, -9, 47, 70, -128, 22, 80, -33, 72, -105, -70, 0, 2, 32, -93, -97, 28, -62, 8, 33, 38, 75
125, 124, -15, -9, -15, 70, -128, 22, 80, 14, 72, -105, -70, 0, -41, 32, -93, -97, 28, -126, 8, 33, 38, 75, 9
124, -15, -9, -15, 74, -128, 22, 80, 14, 33, -105, -70, 0, -41, -88, -93, -97, 28, -126, -127, 33, 38, 75, 9, -70
-15, -9, -15, 74, -73, 22, 80, 14, 33, -87, -70, 0, -41, -88, -18, -97, 28, -126, -127, 34, 38, 75, 9, -70, -49
-9, -15, 74, -73, -76, 80, 14, 33, -87, 20, 0, -41, -88, -18, -49, 28, -126, -127, 34, -46, 75, 9, -70, -49, 24
-122, -31, 54, -60, 23, 81, 21, 39, 26, 107, 48, -35, 2, 54, 54, -20, -60, 80, -75, -9, 47, -17, -70, -34, 24
-31, 54, -60, 23, -54, 21, 39, 26, 107, -73, -35, 2, 54, 54, 97, -60, 80, -75, -9, 49, -17, -70, -34, 24, -88
54, -60, 23, -54, 64, 39, 26, 107, -73, -110, 2, 54, 54, 97, -22, 80, -75, -9, 49, -1, -70, -34, 24, -88, 33
-60, 23, -54, 64, 95, 26, 107, -73, -110, -22, 54, 54, 97, -22, 93, -75, -9, 49, -1, -44, -34, 24, -88, 33, 18
23, -54, 64, 95, -27, 107, -73, -110, -22, 74, 54, 97, -22, 93, -101, -9, 49, -1, -44, 75, 24, -88, 33, 18, -47
-54, 64, 95, -27, -114, -73, -110, -22, 74, 76, 97, -22, 93, -101, -38, 49, -1, -44, 75, 35, -88, 33, 18, -47, 28
64, 95, -27, -114, 89, -110, -22, 74, 76, -122, -22, 93, -101, -38, 51, -1, -44, 75, 35, 12, 33, 18, -47, 28, 107
95, -27, -114, 89, -48, -22, 74, 76, -122, -65, 93, -101, -38, 51, 87, -44, 75, 35, 12, 124, 18, -47, 28, 107, 7
-27, -114, 89, -48, 0, 74, 76, -122, -65, 35, -101, -38, 51, 87, 12, 75, 35, 12, 124, 65, -47, 28, 107, 7, -30
-114, 89, -48, 0, -87, 76, -122, -65, 35, -92, -38, 51, 87, 12, 10, 35, 12, 124, 65, -113, 28, 107, 7, -30, 124
89, -48, 0, -87, -122, -122, -65, 35, -92, -6, 51, 87, 12, 10, -57, 12, 124, 65, -113, -113, 107, 7, -30, 124, 60
-48, 0, -87, -122, -81, -65, 35, -92, -6, -38, 87, 12, 10, -57, 48, 124, 65, -113, -113, 36, 7, -30, 124, 60, -4
0, -87, -122, -81, -51, 35, -92, -6, -38, -1, 12, 10, -57, 48, -89, 65, -113, -113, 36, -66, -30, 124, 60, -4, 22
-87, -122, -81, -51, 41, -92, -6, -38, -1, 50, 10, -57, 48, -89, -1, -113, -113, 36, -66, 84, 124, 60, -4, 22, -53
-122, -81, -51, 41, -23, -6, -38, -1, 50, -68, -57, 48, -89, -1, -3, -113, 36, -66, 84, -113, 60, -4, 22, -53, 112
-81, -51, 41, -23, -71, -38, -1, 50, -68, -54, 48, -89, -1, -3, -107, 36, -66, 84, -113, -40, -4, 22, -53, 112, 66
-51, 41, -23, -71, 72, -1, 50, -68, -54, 46, -89, -1, -3, -107, -27, -66, 84, -113, -40, 126, 22, -53, 112, 66, 28
41, -23, -71, 72, -96, 50, -68, -54, 46, -112, -1, -3, -107, -27, -45, 84, -113, -40, 126, -23, -53, 112, 66, 28, 30
-23, -71, 72, -96, -32, -68, -54, 46, -112, -7, -3, -107, -27, -45, -41, -113, -40, 126, -23, 53, 112, 66, 28, 30, 24
-71, 72, -96, -32, 47, -54, 46, -112, -7, -33, -107, -27, -45, -41, 2, -40, 126, -23, 53, -62, 66, 28, 30, 24, -12
72, -96, -32, 47, 70, 46, -112, -7, -33, 72, -27, -45, -41, 2, 32, 126, -23, 53, -62, 8, 28, 30, 24, -12, 120
-96, -32, 47, 70, -128, -112, -7, -33, 72, -105, -45, -41, 2, 32, -93, -23, 53, -62, 8, 33, 30, 24, -12, 120, 116
-32, 47, 70, -128, 22, -7, -33, 72, -105, -70, -41, 2, 32, -93, -97, 53, -62, 8, 33, 38, 24, -12, 120, 116, -59
47, 70, -128, 22, 80, -33, 72, -105, -70, 0, 2, 32, -93, -97, 28, -62, 8, 33, 38, 75, -12, 120, 116, -59, 39
70, -128, 22, 80, 14, 72, -105, -70, 0, -41, 32, -93, -97, 28, -126, 8, 33, 38, 75, 9, 120, 116, -59, 39, -74
-128, 22, 80, 14, 33, -105, -70, 0, -41, -88, -93, -97, 28, -126, -127, 33, 38, 75, 9, -70, 116, -59, 39, -74, -11
22, 80, 14, 33, -87, -70, 0, -41, -88, -18, -97, 28, -126, -127, 34, 38, 75, 9, -70, -49, -59, 39, -74, -11, -16
80, 14, 33, -87, 20, 0, -41, -88, -18, -49, 28, -126, -127, 34, -46, 75, 9, -70, -49, 24, 39, -74, -11, -16, 110
81, 21, 39, 26, 107, 48, -35, 2, 54, 54, -20, -60, 80, -75, -9, 47, -17, -70, -34, 24, 67, -95, -107, 71, 121
21, 39, 26, 107, -73, -35, 2, 54, 54, 97, -60, 80, -75, -9, 49, -17, -70, -34, 24, -88, -95, -107, 71, 121, 92
39, 26, 107, -73, -110, 2, 54, 54, 97, -22, 80, -75, -9, 49, -1, -70, -34, 24, -88, 33, -107, 71, 121, 92, -23
26, 107, -73, -110, -22, 54, 54, 97, -22, 93, -75, -9, 49, -1, -44, -34, 24, -88, 33, 18, 71, 121, 92, -23, 40
107, -73, -110, -22, 74, 54, 97, -22, 93, -101, -9, 49, -1, -44, 75, 24, -88, 33, 18, -47, 121, 92, -23, 40, 86
-73, -110, -22, 74, 76, 97, -22, 93, -101, -38, 49, -1, -44, 75, 35, -88, 33, 18, -47, 28, 92, -23, 40, 86, -8
-110, -22, 74, 76, -122, -22, 93, -101, -38, 51, -1, -44, 75, 35, 12, 33, 18, -47, 28, 107, -23, 40, 86, -8, 60
-22, 74, 76, -122, -65, 93, -101, -38, 51, 87, -44, 75, 35, 12, 124, 18, -47, 28, 107, 7, 40, 86, -8, 60, 103
74, 76, -122, -65, 35, -101, -38, 51, 87, 12, 75, 35, 12, 124, 65, -47, 28, 107, 7, -30, 86, -8, 60, 103, 10
76, -122, -65, 35, -92, -38, 51, 87, 12, 10, 35, 12, 124, 65, -113, 28, 107, 7, -30, 124, -8, 60, 103, 10, -34
-122, -65, 35, -92, -6, 51, 87, 12, 10, -57, 12, 124, 65, -113, -113, 107, 7, -30, 124, 60, 60, 103, 10, -34, 1
-65, 35, -92, -6, -38, 87, 12, 10, -57, 48, 124, 65, -113, -113, 36, 7, -30, 124, 60, -4, 103, 10, -34, 1, 28
35, -92, -6, -38, -1, 12, 10, -57, 48, -89, 65, -113, -113, 36, -66, -30, 124, 60, -4, 22, 10, -34, 1, 28, -80
-92, -6, -38, -1, 50, 10, -57, 48, -89, -1, -113, -113, 36, -66, 84, 124, 60, -4, 22, -53, -34, 1, 28, -80, -79
-6, -38, -1, 50, -68, -57, 48, -89, -1, -3, -113, 36, -66, 84, -113, 60, -4, 22, -53, 112, 1, 28, -80, -79, 9
-38, -1, 50, -68, -54, 48, -89, -1, -3, -107, 36, -66, 84, -113, -40, -4, 22, -53, 112, 66, 28, -80, -79, 9, -59
-1, 50, -68, -54, 46, -89, -1, -3, -107, -27, -66, 84, -113, -40, 126, 22, -53, 112, 66, 28, -80, -79, 9, -59, 67
50, -68, -54, 46, -112, -1, -3, -107, -27, -45, 84, -113, -40, 126, -23, -53, 112, 66, 28, 30, -79, 9, -59, 67, 115
-68, -54, 46, -112, -7, -3, -107, -27, -45, -41, -113, -40, 126, -23, 53, 112, 66, 28, 30, 24, 9, -59, 67, 115, -36
-54, 46, -112, -7, -33, -107, -27, -45, -41, 2, -40, 126, -23, 53, -62, 66, 28, 30, 24, -12, -59, 67, 115, -36, 19
46, -112, -7, -33, 72, -27, -45, -41, 2, 32, 126, -23, 53, -62, 8, 28, 30, 24, -12, 120, 67, 115, -36, 19, 25
-112, -7, -33, 72, -105, -45, -41, 2, 32, -93, -23, 53, -62, 8, 33, 30, 24, -12, 120, 116, 115, -36, 19, 25, -118
-7, -33, 72, -105, -70, -41, 2, 32, -93, -97, 53, -62, 8, 33, 38, 24, -12, 120, 116, -59, -36, 19, 25, -118, -69
-33, 72, -105, -70, 0, 2, 32, -93, -97, 28, -62, 8, 33, 38, 75, -12, 120, 116, -59, 39, 19, 25, -118, -69, -14
72, -105, -70, 0, -41, 32, -93, -97, 28, -126, 8, 33, 38, 75, 9, 120, 116, -59, 39, -74, 25, -118, -69, -14, -20
-105, -70, 0, -41, -88, -93, -97, 28, -126, -127, 33, 38, 75, 9, -70, 116, -59, 39, -74, -11, -118, -69, -14, -20, 39
-70, 0, -41, -88, -18, -97, 28, -126, -127, 34, 38, 75, 9, -70, -49, -59, 39, -74, -11, -16, -69, -14, -20, 39, 7
0, -41, -88, -18, -49, 28, -126, -127, 34, -46, 75, 9, -70, -49, 24, 39, -74, -11, -16, 110, -14, -20, 39, 7, 91
48, -35, 2, 54, 54, -20, -60, 80, -75, -9, 47, -17, -70, -34, 24, 67, -95, -107, 71, 121, -16, 53, -12, 97, 30
-35, 2, 54, 54, 97, -60, 80, -75, -9, 49, -17, -70, -34, 24, -88, -95, -107, 71, 121, 92, 53, -12, 97, 30, -122
2, 54, 54, 97, -22, 80, -75, -9, 49, -1, -70, -34, 24, -88, 33, -107, 71, 121, 92, -23, -12, 97, 30, -122, -100
54, 54, 97, -22, 93, -75, -9, 49, -1, -44, -34, 24, -88, 33, 18, 71, 121, 92, -23, 40, 97, 30, -122, -100, 45
54, 97, -22, 93, -101, -9, 49, -1, -44, 75, 24, -88, 33, 18, -47, 121, 92, -23, 40, 86, 30, -122, -100, 45, 75
97, -22, 93, -101, -38, 49, -1, -44, 75, 35, -88, 33, 18, -47, 28, 92, -23, 40, 86, -8, -122, -100, 45, 75, 49
-22, 93, -101, -38, 51, -1, -44, 75, 35, 12, 33, 18, -47, 28, 107, -23, 40, 86, -8, 60, -100, 45, 75, 49, 55
93, -101, -38, 51, 87, -44, 75, 35, 12, 124, 18, -47, 28, 107, 7, 40, 86, -8, 60, 103, 45, 75, 49, 55, -124
-101, -38, 51, 87, 12, 75, 35, 12, 124, 65, -47, 28, 107, 7, -30, 86, -8, 60, 103, 10, 75, 49, 55, -124, 72
-38, 51, 87, 12, 10, 35, 12, 124, 65, -113, 28, 107, 7, -30, 124, -8, 60, 103, 10, -34, 49, 55, -124, 72, 39
51, 87, 12, 10, -57, 12, 124, 65, -113, -113, 107, 7, -30, 124, 60, 60, 103, 10, -34, 1, 55, -124, 72, 39, 53
87, 12, 10, -57, 48, 124, 65, -113, -113, 36, 7, -30, 124, 60, -4, 103, 10, -34, 1, 28, -124, 72, 39, 53, -36
12, 10, -57, 48, -89, 65, -113, -113, 36, -66, -30, 124, 60, -4, 22, 10, -34, 1, 28, -80, 72, 39, 53, -36, 112
10, -57, 48, -89, -1, -113, -113, 36, -66, 84, 124, 60, -4, 22, -53, -34, 1, 28, -80, -79, 39, 53, -36, 112, 22
-57, 48, -89, -1, -3, -113, 36, -66, 84, -113, 60, -4, 22, -53, 112, 1, 28, -80, -79, 9, 53, -36, 112, 22, -37
48, -89, -1, -3, -107, 36, -66, 84, -113, -40, -4, 22, -53, 112, 66, 28, -80, -79, 9, -59, -36, 112, 22, -37, 46
-89, -1, -3, -107, -27, -66, 84, -113, -40, 126, 22, -53, 112, 66, 28, -80, -79, 9, -59, 67, 112, 22, -37, 46, 50
-1, -3, -107, -27, -45, 84, -113, -40, 126, -23, -53, 112, 66, 28, 30, -79, 9, -59, 67, 115, 22, -37, 46, 50, 34
-3, -107, -27, -45, -41, -113, -40, 126, -23, 53, 112, 66, 28, 30, 24, 9, -59, 67, 115, -36, -37, 46, 50, 34, -30
-107, -27, -45, -41, 2, -40, 126, -23, 53, -62, 66, 28, 30, 24, -12, -59, 67, 115, -36, 19, 46, 50, 34, -30, -77
-27, -45, -41, 2, 32, 126, -23, 53, -62, 8, 28, 30, 24, -12, 120, 67, 115, -36, 19, 25, 50, 34, -30, -77, 29
-45, -41, 2, 32, -93, -23, 53, -62, 8, 33, 30, 24, -12, 120, 116, 115, -36, 19, 25, -118, 34, -30, -77, 29, 32
-41, 2, 32, -93, -97, 53, -62, 8, 33, 38, 24, -12, 120, 116, -59, -36, 19, 25, -118, -69, -30, -77, 29, 32, 125
2, 32, -93, -97, 28, -62, 8, 33, 38, 75, -12, 120, 116, -59, 39, 19, 25, -118, -69, -14, -77, 29, 32, 125, 65
32, -93, -97, 28, -126, 8, 33, 38, 75, 9, 120, 116, -59, 39, -74, 25, -118, -69, -14, -20, 29, 32, 125, 65, 87
-93, -97, 28, -126, -127, 33, 38, 75, 9, -70, 116, -59, 39, -74, -11, -118, -69, -14, -20, 39, 32, 125, 65, 87, 46
-97, 28, -126, -127, 34, 38, 75, 9, -70, -49, -59, 39, -74, -11, -16, -69, -14, -20, 39, 7, 125, 65, 87, 46, -125
28, -126, -127, 34, -46, 75, 9, -70, -49, 24, 39, -74, -11, -16, 110, -14, -20, 39, 7, 91, 65, 87, 46, -125, -107
-20, -60, 80, -75, -9, 47, -17, -70, -34, 24, 67, -95, -107, 71, 121, -16, 53, -12, 97, 30, 71, -90, -51, 29, 87
-60, 80, -75, -9, 49, -17, -70, -34, 24, -88, -95, -107, 71, 121, 92, 53, -12, 97, 30, -122, -90, -51, 29, 87, 23
80, -75, -9, 49, -1, -70, -34, 24, -88, 33, -107, 71, 121, 92, -23, -12, 97, 30, -122, -100, -51, 29, 87, 23, 78
-75, -9, 49, -1, -44, -34, 24, -88, 33, 18, 71, 121, 92, -23, 40, 97, 30, -122, -100, 45, 29, 87, 23, 78, 49
-9, 49, -1, -44, 75, 24, -88, 33, 18, -47, 121, 92, -23, 40, 86, 30, -122, -100, 45, 75, 87, 23, 78, 49, 31
49, -1, -44, 75, 35, -88, 33, 18, -47, 28, 92, -23, 40, 86, -8, -122, -100, 45, 75, 49, 23, 78, 49, 31, -36
-1, -44, 75, 35, 12, 33, 18, -47, 28, 107, -23, 40, 86, -8, 60, -100, 45, 75, 49, 55, 78, 49, 31, -36, -6
-44, 75, 35, 12, 124, 18, -47, 28, 107, 7, 40, 86, -8, 60, 103, 45, 75, 49, 55, -124, 49, 31, -36, -6, -122
75, 35, 12, 124, 65, -47, 28, 107, 7, -30, 86, -8, 60, 103, 10, 75, 49, 55, -124, 72, 31, -36, -6, -122, -17
35, 12, 124, 65, -113, 28, 107, 7, -30, 124, -8, 60, 103, 10, -34, 49, 55, -124, 72, 39, -36, -6, -122, -17, -54
12, 124, 65, -113, -113, 107, 7, -30, 124, 60, 60, 103, 10, -34, 1, 55, -124, 72, 39, 53, -6, -122, -17, -54, 110
124, 65, -113, -113, 36, 7, -30, 124, 60, -4, 103, 10, -34, 1, 28, -124, 72, 39, 53, -36, -122, -17, -54, 110, -93
65, -113, -113, 36, -66, -30, 124, 60, -4, 22, 10, -34, 1, 28, -80, 72, 39, 53, -36, 112, -17, -54, 110, -93, -9
-113, -113, 36, -66, 84, 124, 60, -4, 22, -53, -34, 1, 28, -80, -79, 39, 53, -36, 112, 22, -54, 110, -93, -9, 95
-113, 36, -66, 84, -113, 60, -4, 22, -53, 112, 1, 28, -80, -79, 9, 53, -36, 112, 22, -37, 110, -93, -9, 95, 0
36, -66, 84, -113, -40, -4, 22, -53, 112, 66, 28, -80, -79, 9, -59, -36, 112, 22, -37, 46, -93, -9, 95, 0, -11
-66, 84, -113, -40, 126, 22, -53, 112, 66, 28, -80, -79, 9, -59, 67, 112, 22, -37, 46, 50, -9, 95, 0, -11, 10
84, -113, -40, 126, -23, -53, 112, 66, 28, 30, -79, 9, -59, 67, 115, 22, -37, 46, 50, 34, 95, 0, -11, 10, -62
-113, -40, 126, -23, 53, 112, 66, 28, 30, 24, 9, -59, 67, 115, -36, -37, 46, 50, 34, -30, 0, -11, 10, -62, 54
-40, 126, -23, 53, -62, 66, 28, 30, 24, -12, -59, 67, 115, -36, 19, 46, 50, 34, -30, -77, -11, 10, -62, 54, 26
126, -23, 53, -62, 8, 28, 30, 24, -12, 120, 67, 115, -36, 19, 25, 50, 34, -30, -77, 29, 10, -62, 54, 26, -105
-23, 53, -62, 8, 33, 30, 24, -12, 120, 116, 115, -36, 19, 25, -118, 34, -30, -77, 29, 32, -62, 54, 26, -105, 29
53, -62, 8, 33, 38, 24, -12, 120, 116, -59, -36, 19, 25, -118, -69, -30, -77, 29, 32, 125, 54, 26, -105, 29, 72
-62, 8, 33, 38, 75, -12, 120, 116, -59, 39, 19, 25, -118, -69, -14, -77, 29, 32, 125, 65, 26, -105, 29, 72, 94
8, 33, 38, 75, 9, 120, 116, -59, 39, -74, 25, -118, -69, -14, -20, 29, 32, 125, 65, 87, -105, 29, 72, 94, 103
33, 38, 75, 9, -70, 116, -59, 39, -74, -11, -118, -69, -14, -20, 39, 32, 125, 65, 87, 46, 29, 72, 94, 103, 33
38, 75, 9, -70, -49, -59, 39, -74, -11, -16, -69, -14, -20, 39, 7, 125, 65, 87, 46, -125, 72, 94, 103, 33, -122
75, 9, -70, -49, 24, 39, -74, -11, -16, 110, -14, -20, 39, 7, 91, 65, 87, 46, -125, -107, 94, 103, 33, -122, -105
47, -17, -70, -34, 24, 67, -95, -107, 71, 121, -16, 53, -12, 97, 30, 71, -90, -51, 29, 87, 9, -127, 94, -119, 71
-17, -70, -34, 24, -88, -95, -107, 71, 121, 92, 53, -12, 97, 30, -122, -90, -51, 29, 87, 23, -127, 94, -119, 71, -30
-70, -34, 24, -88, 33, -107, 71, 121, 92, -23, -12, 97, 30, -122, -100, -51, 29, 87, 23, 78, 94, -119, 71, -30, 1
-34, 24, -88, 33, 18, 71, 121, 92, -23, 40, 97, 30, -122, -100, 45, 29, 87, 23, 78, 49, -119, 71, -30, 1, 30
24, -88, 33, 18, -47, 121, 92, -23, 40, 86, 30, -122, -100, 45, 75, 87, 23, 78, 49, 31, 71, -30, 1, 30, -73
-88, 33, 18, -47, 28, 92, -23, 40, 86, -8, -122, -100, 45, 75, 49, 23, 78, 49, 31, -36, -30, 1, 30, -73, -96
33, 18, -47, 28, 107, -23, 40, 86, -8, 60, -100, 45, 75, 49, 55, 78, 49, 31, -36, -6, 1, 30, -73, -96, 40
18, -47, 28, 107, 7, 40, 86, -8, 60, 103, 45, 75, 49, 55, -124, 49, 31, -36, -6, -122, 30, -73, -96, 40, 52
-47, 28, 107, 7, -30, 86, -8, 60, 103, 10, 75, 49, 55, -124, 72, 31, -36, -6, -122, -17, -73, -96, 40, 52, 124
28, 107, 7, -30, 124, -8, 60, 103, 10, -34, 49, 55, -124, 72, 39, -36, -6, -122, -17, -54, -96, 40, 52, 124, -98
107, 7, -30, 124, 60, 60, 103, 10, -34, 1, 55, -124, 72, 39, 53, -6, -122, -17, -54, 110, 40, 52, 124, -98, 75
7, -30, 124, 60, -4, 103, 10, -34, 1, 28, -124, 72, 39, 53, -36, -122, -17, -54, 110, -93, 52, 124, -98, 75, 105
-30, 124, 60, -4, 22, 10, -34, 1, 28, -80, 72, 39, 53, -36, 112, -17, -54, 110, -93, -9, 124, -98, 75, 105, 113
124, 60, -4, 22, -53, -34, 1, 28, -80, -79, 39, 53, -36, 112, 22, -54, 110, -93, -9, 95, -98, 75, 105, 113, -18
60, -4, 22, -53, 112, 1, 28, -80, -79, 9, 53, -36, 112, 22, -37, 110, -93, -9, 95, 0, 75, 105, 113, -18, -95
-4, 22, -53, 112, 66, 28, -80, -79, 9, -59, -36, 112, 22, -37, 46, -93, -9, 95, 0, -11, 105, 113, -18, -95, 9
22, -53, 112, 66, 28, -80, -79, 9, -59, 67, 112, 22, -37, 46, 50, -9, 95, 0, -11, 10, 113, -18, -95, 9, 42
-53, 112, 66, 28, 30, -79, 9, -59, 67, 115, 22, -37, 46, 50, 34, 95, 0, -11, 10, -62, -18, -95, 9, 42, -104
112, 66, 28, 30, 24, 9, -59, 67, 115, -36, -37, 46, 50, 34, -30, 0, -11, 10, -62, 54, -95, 9, 42, -104, -57
66, 28, 30, 24, -12, -59, 67, 115, -36, 19, 46, 50, 34, -30, -77, -11, 10, -62, 54, 26, 9, 42, -104, -57, -55
28, 30, 24, -12, 120, 67, 115, -36, 19, 25, 50, 34, -30, -77, 29, 10, -62, 54, 26, -105, 42, -104, -57, -55, 42
30, 24, -12, 120, 116, 115, -36, 19, 25, -118, 34, -30, -77, 29, 32, -62, 54, 26, -105, 29, -104, -57, -55, 42, 79
24, -12, 120, 116, -59, -36, 19, 25, -118, -69, -30, -77, 29, 32, 125, 54, 26, -105, 29, 72, -57, -55, 42, 79, 28
-12, 120, 116, -59, 39, 19, 25, -118, -69, -14, -77, 29, 32, 125, 65, 26, -105, 29, 72, 94, -55, 42, 79, 28, -1
120, 116, -59, 39, -74, 25, -118, -69, -14, -20, 29, 32, 125, 65, 87, -105, 29, 72, 94, 103, 42, 79, 28, -1, -55
116, -59, 39, -74, -11, -118, -69, -14, -20, 39, 32, 125, 65, 87, 46, 29, 72, 94, 103, 33, 79, 28, -1, -55, -60
-59, 39, -74, -11, -16, -69, -14, -20, 39, 7, 125, 65, 87, 46, -125, 72, 94, 103, 33, -122, 28, -1, -55, -60, -78
39, -74, -11, -16, 110, -14, -20, 39, 7, 91, 65, 87, 46, -125, -107, 94, 103, 33, -122, -105, -1, -55, -60, -78, -48
67, -95, -107, 71, 121, -16, 53, -12, 97, 30, 71, -90, -51, 29, 87, 9, -127, 94, -119, 71, 94, 99, 115, 39, -22
-95, -107, 71, 121, 92, 53, -12, 97, 30, -122, -90, -51, 29, 87, 23, -127, 94, -119, 71, -30, 99, 115, 39, -22, 4
-107, 71, 121, 92, -23, -12, 97, 30, -122, -100, -51, 29, 87, 23, 78, 94, -119, 71, -30, 1, 115, 39, -22, 4, 107
71, 121, 92, -23, 40, 97, 30, -122, -100, 45, 29, 87, 23, 78, 49, -119, 71, -30, 1, 30, 39, -22, 4, 107, 113
121, 92, -23, 40, 86, 30, -122, -100, 45, 75, 87, 23, 78, 49, 31, 71, -30, 1, 30, -73, -22, 4, 107, 113, 85
92, -23, 40, 86, -8, -122, -100, 45, 75, 49, 23, 78, 49, 31, -36, -30, 1, 30, -73, -96, 4, 107, 113, 85, 104
-23, 40, 86, -8, 60, -100, 45, 75, 49, 55, 78, 49, 31, -36, -6, 1, 30, -73, -96, 40, 107, 113, 85, 104, -96
40, 86, -8, 60, 103, 45, 75, 49, 55, -124, 49, 31, -36, -6, -122, 30, -73, -96, 40, 52, 113, 85, 104, -96, 84
86, -8, 60, 103, 10, 75, 49, 55, -124, 72, 31, -36, -6, -122, -17, -73, -96, 40, 52, 124, 85, 104, -96, 84, 68
-8, 60, 103, 10, -34, 49, 55, -124, 72, 39, -36, -6, -122, -17, -54, -96, 40, 52, 124, -98, 104, -96, 84, 68, -100
60, 103, 10, -34, 1, 55, -124, 72, 39, 53, -6, -122, -17, -54, 110, 40, 52, 124, -98, 75, -96, 84, 68, -100, 22
103, 10, -34, 1, 28, -124, 72, 39, 53, -36, -122, -17, -54, 110, -93, 52, 124, -98, 75, 105, 84, 68, -100, 22, -95
10, -34, 1, 28, -80, 72, 39, 53, -36, 112, -17, -54, 110, -93, -9, 124, -98, 75, 105, 113, 68, -100, 22, -95, -22
-34, 1, 28, -80, -79, 39, 53, -36, 112, 22, -54, 110, -93, -9, 95, -98, 75, 105, 113, -18, -100, 22, -95, -22, -16
1, 28, -80, -79, 9, 53, -36, 112, 22, -37, 110, -93, -9, 95, 0, 75, 105, 113, -18, -95, 22, -95, -22, -16, 4
28, -80, -79, 9, -59, -36, 112, 22, -37, 46, -93, -9, 95, 0, -11, 105, 113, -18, -95, 9, -95, -22, -16, 4, -37
-80, -79, 9, -59, 67, 112, 22, -37, 46, 50, -9, 95, 0, -11, 10, 113, -18, -95, 9, 42, -22, -16, 4, -37, -124
-79, 9, -59, 67, 115, 22, -37, 46, 50, 34, 95, 0, -11, 10, -62, -18, -95, 9, 42, -104, -16, 4, -37, -124, -28
9, -59, 67, 115, -36, -37, 46, 50, 34, -30, 0, -11, 10, -62, 54, -95, 9, 42, -104, -57, 4, -37, -124, -28, -3
-59, 67, 115, -36, 19, 46, 50, 34, -30, -77, -11, 10, -62, 54, 26, 9, 42, -104, -57, -55, -37, -124, -28, -3, -69
67, 115, -36, 19, 25, 50, 34, -30, -77, 29, 10, -62, 54, 26, -105, 42, -104, -57, -55, 42, -124, -28, -3, -69, -29
115, -36, 19, 25, -118, 34, -30, -77, 29, 32, -62, 54, 26, -105, 29, -104, -57, -55, 42, 79, -28, -3, -69, -29, 83
-36, 19, 25, -118, -69, -30, -77, 29, 32, 125, 54, 26, -105, 29, 72, -57, -55, 42, 79, 28, -3, -69, -29, 83, -22
19, 25, -118, -69, -14, -77, 29, 32, 125, 65, 26, -105, 29, 72, 94, -55, 42, 79, 28, -1, -69, -29, 83, -22, -36
25, -118, -69, -14, -20, 29, 32, 125, 65, 87, -105, 29, 72, 94, 103, 42, 79, 28, -1, -55, -29, 83, -22, -36, 112
-118, -69, -14, -20, 39, 32, 125, 65, 87, 46, 29, 72, 94, 103, 33, 79, 28, -1, -55, -60, 83, -22, -36, 112, -44
-69, -14, -20, 39, 7, 125, 65, 87, 46, -125, 72, 94, 103, 33, -122, 28, -1, -55, -60, -78, -22, -36, 112, -44, -78
-14, -20, 39, 7, 91, 65, 87, 46, -125, -107, 94, 103, 33, -122, -105, -1, -55, -60, -78, -48, -36, 112, -44, -78, 49
-16, 53, -12, 97, 30, 71, -90, -51, 29, 87, 9, -127, 94, -119, 71, 94, 99, 115, 39, -22, 40, -61, 69, -102, 107
53, -12, 97, 30, -122, -90, -51, 29, 87, 23, -127, 94, -119, 71, -30, 99, 115, 39, -22, 4, -61, 69, -102, 107, -2
-12, 97, 30, -122, -100, -51, 29, 87, 23, 78, 94, -119, 71, -30, 1, 115, 39, -22, 4, 107, 69, -102, 107, -2, 86
97, 30, -122, -100, 45, 29, 87, 23, 78, 49, -119, 71, -30, 1, 30, 39, -22, 4, 107, 113, -102, 107, -2, 86, -64
30, -122, -100, 45, 75, 87, 23, 78, 49, 31, 71, -30, 1, 30, -73, -22, 4, 107, 113, 85, 107, -2, 86, -64, 13
-122, -100, 45, 75, 49, 23, 78, 49, 31, -36, -30, 1, 30, -73, -96, 4, 107, 113, 85, 104, -2, 86, -64, 13, -123
-100, 45, 75, 49, 55, 78, 49, 31, -36, -6, 1, 30, -73, -96, 40, 107, 113, 85, 104, -96, 86, -64, 13, -123, 4
45, 75, 49, 55, -124, 49, 31, -36, -6, -122, 30, -73, -96, 40, 52, 113, 85, 104, -96, 84, -64, 13, -123, 4, 116
75, 49, 55, -124, 72, 31, -36, -6, -122, -17, -73, -96, 40, 52, 124, 85, 104, -96, 84, 68, 13, -123, 4, 116, 69
49, 55, -124, 72, 39, -36, -6, -122, -17, -54, -96, 40, 52, 124, -98, 104, -96, 84, 68, -100, -123, 4, 116, 69, 79
55, -124, 72, 39, 53, -6, -122, -17, -54, 110, 40, 52, 124, -98, 75, -96, 84, 68, -100, 22, 4, 116, 69, 79, -124
-124, 72, 39, 53, -36, -122, -17, -54, 110, -93, 52, 124, -98, 75, 105, 84, 68, -100, 22, -95, 116, 69, 79, -124, -45
72, 39, 53, -36, 112, -17, -54, 110, -93, -9, 124, -98, 75, 105, 113, 68, -100, 22, -95, -22, 69, 79, -124, -45, -75
39, 53, -36, 112, 22, -54, 110, -93, -9, 95, -98, 75, 105, 113, -18, -100, 22, -95, -22, -16, 79, -124, -45, -75, 76
53, -36, 112, 22, -37, 110, -93, -9, 95, 0, 75, 105, 113, -18, -95, 22, -95, -22, -16, 4, -124, -45, -75, 76, -44
-36, 112, 22, -37, 46, -93, -9, 95, 0, -11, 105, 113, -18, -95, 9, -95, -22, -16, 4, -37, -45, -75, 76, -44, 94
112, 22, -37, 46, 50, -9, 95, 0, -11, 10, 113, -18, -95, 9, 42, -22, -16, 4, -37, -124, -75, 76, -44, 94, -98
22, -37, 46, 50, 34, 95, 0, -11, 10, -62, -18, -95, 9, 42, -104, -16, 4, -37, -124, -28, 76, -44, 94, -98, 73
-37, 46, 50, 34, -30, 0, -11, 10, -62, 54, -95, 9, 42, -104, -57, 4, -37, -124, -28, -3, -44, 94, -98, 73, -6
46, 50, 34, -30, -77, -11, 10, -62, 54, 26, 9, 42, -104, -57, -55, -37, -124, -28, -3, -69, 94, -98, 73, -6, 108
50, 34, -30, -77, 29, 10, -62, 54, 26, -105, 42, -104, -57, -55, 42, -124, -28, -3, -69, -29, -98, 73, -6, 108, -43
34, -30, -77, 29, 32, -62, 54, 26, -105, 29, -104, -57, -55, 42, 79, -28, -3, -69, -29, 83, 73, -6, 108, -43, -102
-30, -77, 29, 32, 125, 54, 26, -105, 29, 72, -57, -55, 42, 79, 28, -3, -69, -29, 83, -22, -6, 108, -43, -102, 67
-77, 29, 32, 125, 65, 26, -105, 29, 72, 94, -55, 42, 79, 28, -1, -69, -29, 83, -22, -36, 108, -43, -102, 67, 80
29, 32, 125, 65, 87, -105, 29, 72, 94, 103, 42, 79, 28, -1, -55, -29, 83, -22, -36, 112, -43, -102, 67, 80, 51
32, 125, 65, 87, 46, 29, 72, 94, 103, 33, 79, 28, -1, -55, -60, 83, -22, -36, 112, -44, -102, 67, 80, 51, 58
125, 65, 87, 46, -125, 72, 94, 103, 33, -122, 28, -1, -55, -60, -78, -22, -36, 112, -44, -78, 67, 80, 51, 58, -82
65, 87, 46, -125, -107, 94, 103, 33, -122, -105, -1, -55, -60, -78, -48, -36, 112, -44, -78, 49, 80, 51, 58, -82, 89
71, -90, -51, 29, 87, 9, -127, 94, -119, 71, 94, 99, 115, 39, -22, 40, -61, 69, -102, 107, 34, -30, 41, 1, -19
-90, -51, 29, 87, 23, -127, 94, -119, 71, -30, 99, 115, 39, -22, 4, -61, 69, -102, 107, -2, -30, 41, 1, -19, 98
-51, 29, 87, 23, 78, 94, -119, 71, -30, 1, 115, 39, -22, 4, 107, 69, -102, 107, -2, 86, 41, 1, -19, 98, 35
29, 87, 23, 78, 49, -119, 71, -30, 1, 30, 39, -22, 4, 107, 113, -102, 107, -2, 86, -64, 1, -19, 98, 35, -57
87, 23, 78, 49, 31, 71, -30, 1, 30, -73, -22, 4, 107, 113, 85, 107, -2, 86, -64, 13, -19, 98, 35, -57, 92
23, 78, 49, 31, -36, -30, 1, 30, -73, -96, 4, 107, 113, 85, 104, -2, 86, -64, 13, -123, 98, 35, -57, 92, 103
78, 49, 31, -36, -6, 1, 30, -73, -96, 40, 107, 113, 85, 104, -96, 86, -64, 13, -123, 4, 35, -57, 92, 103, -1
49, 31, -36, -6, -122, 30, -73, -96, 40, 52, 113, 85, 104, -96, 84, -64, 13, -123, 4, 116, -57, 92, 103, -1, 66
31, -36, -6, -122, -17, -73, -96, 40, 52, 124, 85, 104, -96, 84, 68, 13, -123, 4, 116, 69, 92, 103, -1, 66, -106
-36, -6, -122, -17, -54, -96, 40, 52, 124, -98, 104, -96, 84, 68, -100, -123, 4, 116, 69, 79, 103, -1, 66, -106, -11
-6, -122, -17, -54, 110, 40, 52, 124, -98, 75, -96, 84, 68, -100, 22, 4, 116, 69, 79, -124, -1, 66, -106, -11, 67
-122, -17, -54, 110, -93, 52, 124, -98, 75, 105, 84, 68, -100, 22, -95, 116, 69, 79, -124, -45, 66, -106, -11, 67, -27
-17, -54, 110, -93, -9, 124, -98, 75, 105, 113, 68, -100, 22, -95, -22, 69, 79, -124, -45, -75, -106, -11, 67, -27, 120
-54, 110, -93, -9, 95, -98, 75, 105, 113, -18, -100, 22, -95, -22, -16, 79, -124, -45, -75, 76, -11, 67, -27, 120, 76
110, -93, -9, 95, 0, 75, 105, 113, -18, -95, 22, -95, -22, -16, 4, -124, -45, -75, 76, -44, 67, -27, 120, 76, 72
-93, -9, 95, 0, -11, 105, 113, -18, -95, 9, -95, -22, -16, 4, -37, -45, -75, 76, -44, 94, -27, 120, 76, 72, -21
-9, 95, 0, -11, 10, 113, -18, -95, 9, 42, -22, -16, 4, -37, -124, -75, 76, -44, 94, -98, 120, 76, 72, -21, -86
95, 0, -11, 10, -62, -18, -95, 9, 42, -104, -16, 4, -37, -124, -28, 76, -44, 94, -98, 73, 76, 72, -21, -86, -24
0, -11, 10, -62, 54, -95, 9, 42, -104, -57, 4, -37, -124, -28, -3, -44, 94, -98, 73, -6, 72, -21, -86, -24, -86
-11, 10, -62, 54, 26, 9, 42, -104, -57, -55, -37, -124, -28, -3, -69, 94, -98, 73, -6, 108, -21, -86, -24, -86, 30
10, -62, 54, 26, -105, 42, -104, -57, -55, 42, -124, -28, -3, -69, -29, -98, 73, -6, 108, -43, -86, -24, -86, 30, -100
-62, 54, 26, -105, 29, -104, -57, -55, 42, 79, -28, -3, -69, -29, 83, 73, -6, 108, -43, -102, -24, -86, 30, -100, 99
54, 26, -105, 29, 72, -57, -55, 42, 79, 28, -3, -69, -29, 83, -22, -6, 108, -43, -102, 67, -86, 30, -100, 99, 103
26, -105, 29, 72, 94, -55, 42, 79, 28, -1, -69, -29, 83, -22, -36, 108, -43, -102, 67, 80, 30, -100, 99, 103, 49
-105, 29, 72, 94, 103, 42, 79, 28, -1, -55, -29, 83, -22, -36, 112, -43, -102, 67, 80, 51, -100, 99, 103, 49, 110
29, 72, 94, 103, 33, 79, 28, -1, -55, -60, 83, -22, -36, 112, -44, -102, 67, 80, 51, 58, 99, 103, 49, 110, 54
72, 94, 103, 33, -122, 28, -1, -55, -60, -78, -22, -36, 112, -44, -78, 67, 80, 51, 58, -82, 103, 49, 110, 54, 78
94, 103, 33, -122, -105, -1, -55, -60, -78, -48, -36, 112, -44, -78, 49, 80, 51, 58, -82, 89, 49, 110, 54, 78, 107
9, -127, 94, -119, 71, 94, 99, 115, 39, -22, 40, -61, 69, -102, 107, 34, -30, 41, 1, -19, -97, -17, 67, -20, 113
-127, 94, -119, 71, -30, 99, 115, 39, -22, 4, -61, 69, -102, 107, -2, -30, 41, 1, -19, 98, -17, 67, -20, 113, -35
94, -119, 71, -30, 1, 115, 39, -22, 4, 107, 69, -102, 107, -2, 86, 41, 1, -19, 98, 35, 67, -20, 113, -35, -47
-119, 71, -30, 1, 30, 39, -22, 4, 107, 113, -102, 107, -2, 86, -64, 1, -19, 98, 35, -57, -20, 113, -35, -47, 26
71, -30, 1, 30, -73, -22, 4, 107, 113, 85, 107, -2, 86, -64, 13, -19, 98, 35, -57, 92, 113, -35, -47, 26, 113
-30, 1, 30, -73, -96, 4, 107, 113, 85, 104, -2, 86, -64, 13, -123, 98, 35, -57, 92, 103, -35, -47, 26, 113, -25
1, 30, -73, -96, 40, 107, 113, 85, 104, -96, 86, -64, 13, -123, 4, 35, -57, 92, 103, -1, -47, 26, 113, -25, -12
30, -73, -96, 40, 52, 113, 85, 104, -96, 84, -64, 13, -123, 4, 116, -57, 92, 103, -1, 66, 26, 113, -25, -12, -32
-73, -96, 40, 52, 124, 85, 104, -96, 84, 68, 13, -123, 4, 116, 69, 92, 103, -1, 66, -106, 113, -25, -12, -32, -62
-96, 40, 52, 124, -98, 104, -96, 84, 68, -100, -123, 4, 116, 69, 79, 103, -1, 66, -106, -11, -25, -12, -32, -62, 77
40, 52, 124, -98, 75, -96, 84, 68, -100, 22, 4, 116, 69, 79, -124, -1, 66, -106, -11, 67, -12, -32, -62, 77, 48
52, 124, -98, 75, 105, 84, 68, -100, 22, -95, 116, 69, 79, -124, -45, 66, -106, -11, 67, -27, -32, -62, 77, 48, -33
124, -98, 75, 105, 113, 68, -100, 22, -95, -22, 69, 79, -124, -45, -75, -106, -11, 67, -27, 120, -62, 77, 48, -33, 87
-98, 75, 105, 113, -18, -100, 22, -95, -22, -16, 79, -124, -45, -75, 76, -11, 67, -27, 120, 76, 77, 48, -33, 87, 76
75, 105, 113, -18, -95, 22, -95, -22, -16, 4, -124, -45, -75, 76, -44, 67, -27, 120, 76, 72, 48, -33, 87, 76, -106
105, 113, -18, -95, 9, -95, -22, -16, 4, -37, -45, -75, 76, -44, 94, -27, 120, 76, 72, -21, -33, 87, 76, -106, -86
113, -18, -95, 9, 42, -22, -16, 4, -37, -124, -75, 76, -44, 94, -98, 120, 76, 72, -21, -86, 87, 76, -106, -86, 83
-18, -95, 9, 42, -104, -16, 4, -37, -124, -28, 76, -44, 94, -98, 73, 76, 72, -21, -86, -24, 76, -106, -86, 83, 78
-95, 9, 42, -104, -57, 4, -37, -124, -28, -3, -44, 94, -98, 73, -6, 72, -21, -86, -24, -86, -106, -86, 83, 78, 47
9, 42, -104, -57, -55, -37, -124, -28, -3, -69, 94, -98, 73, -6, 108, -21, -86, -24, -86, 30, -86, 83, 78, 47, 0
42, -104, -57, -55, 42, -124, -28, -3, -69, -29, -98, 73, -6, 108, -43, -86, -24, -86, 30, -100, 83, 78, 47, 0, -107
-104, -57, -55, 42, 79, -28, -3, -69, -29, 83, 73, -6, 108, -43, -102, -24, -86, 30, -100, 99, 78, 47, 0, -107, -49
-57, -55, 42, 79, 28, -3, -69, -29, 83, -22, -6, 108, -43, -102, 67, -86, 30, -100, 99, 103, 47, 0, -107, -49, 40
-55, 42, 79, 28, -1, -69, -29, 83, -22, -36, 108, -43, -102, 67, 80, 30, -100, 99, 103, 49, 0, -107, -49, 40, -70
42, 79, 28, -1, -55, -29, 83, -22, -36, 112, -43, -102, 67, 80, 51, -100, 99, 103, 49, 110, -107, -49, 40, -70, 107
79, 28, -1, -55, -60, 83, -22, -36, 112, -44, -102, 67, 80, 51, 58, 99, 103, 49, 110, 54, -49, 40, -70, 107, 50
28, -1, -55, -60, -78, -22, -36, 112, -44, -78, 67, 80, 51, 58, -82, 103, 49, 110, 54, 78, 40, -70, 107, 50, -1
-1, -55, -60, -78, -48, -36, 112, -44, -78, 49, 80, 51, 58, -82, 89, 49, 110, 54, 78, 107, -70, 107, 50, -1, 97
94, 99, 115, 39, -22, 40, -61, 69, -102, 107, 34, -30, 41, 1, -19, -97, -17, 67, -20, 113, -79, -111, 119, -121, -3
99, 115, 39, -22, 4, -61, 69, -102, 107, -2, -30, 41, 1, -19, 98, -17, 67, -20, 113, -35, -111, 119, -121, -3, 83
115, 39, -22, 4, 107, 69, -102, 107, -2, 86, 41, 1, -19, 98, 35, 67, -20, 113, -35, -47, 119, -121, -3, 83, 54
39, -22, 4, 107, 113, -102, 107, -2, 86, -64, 1, -19, 98, 35, -57, -20, 113, -35, -47, 26, -121, -3, 83, 54, -1
-22, 4, 107, 113, 85, 107, -2, 86, -64, 13, -19, 98, 35, -57, 92, 113, -35, -47, 26, 113, -3, 83, 54, -1, -40
4, 107, 113, 85, 104, -2, 86, -64, 13, -123, 98, 35, -57, 92, 103, -35, -47, 26, 113, -25, 83, 54, -1, -40, 65
107, 113, 85, 104, -96, 86, -64, 13, -123, 4, 35, -57, 92, 103, -1, -47, 26, 113, -25, -12, 54, -1, -40, 65, -61
113, 85, 104, -96, 84, -64, 13, -123, 4, 116, -57, 92, 103, -1, 66, 26, 113, -25, -12, -32, -1, -40, 65, -61, -3
85, 104, -96, 84, 68, 13, -123, 4, 116, 69, 92, 103, -1, 66, -106, 113, -25, -12, -32, -62, -40, 65, -61, -3, 74
104, -96, 84, 68, -100, -123, 4, 116, 69, 79, 103, -1, 66, -106, -11, -25, -12, -32, -62, 77, 65, -61, -3, 74, 31
-96, 84, 68, -100, 22, 4, 116, 69, 79, -124, -1, 66, -106, -11, 67, -12, -32, -62, 77, 48, -61, -3, 74, 31, 60
84, 68, -100, 22, -95, 116, 69, 79, -124, -45, 66, -106, -11, 67, -27, -32, -62, 77, 48, -33, -3, 74, 31, 60, -1
68, -100, 22, -95, -22, 69, 79, -124, -45, -75, -106, -11, 67, -27, 120, -62, 77, 48, -33, 87, 74, 31, 60, -1, 82
-100, 22, -95, -22, -16, 79, -124, -45, -75, 76, -11, 67, -27, 120, 76, 77, 48, -33, 87, 76, 31, 60, -1, 82, -76
22, -95, -22, -16, 4, -124, -45, -75, 76, -44, 67, -27, 120, 76, 72, 48, -33, 87, 76, -106, 60, -1, 82, -76, 87
-95, -22, -16, 4, -37, -45, -75, 76, -44, 94, -27, 120, 76, 72, -21, -33, 87, 76, -106, -86, -1, 82, -76, 87, 48
-22, -16, 4, -37, -124, -75, 76, -44, 94, -98, 120, 76, 72, -21, -86, 87, 76, -106, -86, 83, 82, -76, 87, 48, 45
-16, 4, -37, -124, -28, 76, -44, 94, -98, 73, 76, 72, -21, -86, -24, 76, -106, -86, 83, 78, -76, 87, 48, 45, -123
4, -37, -124, -28, -3, -44, 94, -98, 73, -6, 72, -21, -86, -24, -86, -106, -86, 83, 78, 47, 87, 48, 45, -123, -125
-37, -124, -28, -3, -69, 94, -98, 73, -6, 108, -21, -86, -24, -86, 30, -86, 83, 78, 47, 0, 48, 45, -123, -125, 76
-124, -28, -3, -69, -29, -98, 73, -6, 108, -43, -86, -24, -86, 30, -100, 83, 78, 47, 0, -107, 45, -123, -125, 76, -124
-28, -3, -69, -29, 83, 73, -6, 108, -43, -102, -24, -86, 30, -100, 99, 78, 47, 0, -107, -49, -123, -125, 76, -124, -116
-3, -69, -29, 83, -22, -6, 108, -43, -102, 67, -86, 30, -100, 99, 103, 47, 0, -107, -49, 40, -125, 76, -124, -116, -112
-69, -29, 83, -22, -36, 108, -43, -102, 67, 80, 30, -100, 99, 103, 49, 0, -107, -49, 40, -70, 76, -124, -116, -112, -3
-29, 83, -22, -36, 112, -43, -102, 67, 80, 51, -100, 99, 103, 49, 110, -107, -49, 40, -70, 107, -124, -116, -112, -3, -78
83, -22, -36, 112, -44, -102, 67, 80, 51, 58, 99, 103, 49, 110, 54, -49, 40, -70, 107, 50, -116, -112, -3, -78, -66
-22, -36, 112, -44, -78, 67, 80, 51, 58, -82, 103, 49, 110, 54, 78, 40, -70, 107, 50, -1, -112, -3, -78, -66, -7
-36, 112, -44, -78, 49, 80, 51, 58, -82, 89, 49, 110, 54, 78, 107, -70, 107, 50, -1, 97, -3, -78, -66, -7, -117
40, -61, 69, -102, 107, 34, -30, 41, 1, -19, -97, -17, 67, -20, 113, -79, -111, 119, -121, -3, -49, 105, -85, 47, 89
-61, 69, -102, 107, -2, -30, 41, 1, -19, 98, -17, 67, -20, 113, -35, -111, 119, -121, -3, 83, 105, -85, 47, 89, -52
69, -102, 107, -2, 86, 41, 1, -19, 98, 35, 67, -20, 113, -35, -47, 119, -121, -3, 83, 54, -85, 47, 89, -52, 51
-102, 107, -2, 86, -64, 1, -19, 98, 35, -57, -20, 113, -35, -47, 26, -121, -3, 83, 54, -1, 47, 89, -52, 51, -27
107, -2, 86, -64, 13, -19, 98, 35, -57, 92, 113, -35, -47, 26, 113, -3, 83, 54, -1, -40, 89, -52, 51, -27, -8
-2, 86, -64, 13, -123, 98, 35, -57, 92, 103, -35, -47, 26, 113, -25, 83, 54, -1, -40, 65, -52, 51, -27, -8, 31
86, -64, 13, -123, 4, 35, -57, 92, 103, -1, -47, 26, 113, -25, -12, 54, -1, -40, 65, -61, 51, -27, -8, 31, 94
-64, 13, -123, 4, 116, -57, 92, 103, -1, 66, 26, 113, -25, -12, -32, -1, -40, 65, -61, -3, -27, -8, 31, 94, -111
13, -123, 4, 116, 69, 92, 103, -1, 66, -106, 113, -25, -12, -32, -62, -40, 65, -61, -3, 74, -8, 31, 94, -111, 45
-123, 4, 116, 69, 79, 103, -1, 66, -106, -11, -25, -12, -32, -62, 77, 65, -61, -3, 74, 31, 31, 94, -111, 45, 126
4, 116, 69, 79, -124, -1, 66, -106, -11, 67, -12, -32, -62, 77, 48, -61, -3, 74, 31, 60, 94, -111, 45, 126, 50
116, 69, 79, -124, -45, 66, -106, -11, 67, -27, -32, -62, 77, 48, -33, -3, 74, 31, 60, -1, -111, 45, 126, 50, -36
69, 79, -124, -45, -75, -106, -11, 67, -27, 120, -62, 77, 48, -33, 87, 74, 31, 60, -1, 82, 45, 126, 50, -36, -4
79, -124, -45, -75, 76, -11, 67, -27, 120, 76, 77, 48, -33, 87, 76, 31, 60, -1, 82, -76, 126, 50, -36, -4, 49
-124, -45, -75, 76, -44, 67, -27, 120, 76, 72, 48, -33, 87, 76, -106, 60, -1, 82, -76, 87, 50, -36, -4, 49, -13
-45, -75, 76, -44, 94, -27, 120, 76, 72, -21, -33, 87, 76, -106, -86, -1, 82, -76, 87, 48, -36, -4, 49, -13, 61
-75, 76, -44, 94, -98, 120, 76, 72, -21, -86, 87, 76, -106, -86, 83, 82, -76, 87, 48, 45, -4, 49, -13, 61, 116
76, -44, 94, -98, 73, 76, 72, -21, -86, -24, 76, -106, -86, 83, 78, -76, 87, 48, 45, -123, 49, -13, 61, 116, -68
-44, 94, -98, 73, -6, 72, -21, -86, -24, -86, -106, -86, 83, 78, 47, 87, 48, 45, -123, -125, -13, 61, 116, -68, 40
94, -98, 73, -6, 108, -21, -86, -24, -86, 30, -86, 83, 78, 47, 0, 48, 45, -123, -125, 76, 61, 116, -68, 40, -91
-98, 73, -6, 108, -43, -86, -24, -86, 30, -100, 83, 78, 47, 0, -107, 45, -123, -125, 76, -124, 116, -68, 40, -91, 67
73, -6, 108, -43, -102, -24, -86, 30, -100, 99, 78, 47, 0, -107, -49, -123, -125, 76, -124, -116, -68, 40, -91, 67, 65
-6, 108, -43, -102, 67, -86, 30, -100, 99, 103, 47, 0, -107, -49, 40, -125, 76, -124, -116, -112, 40, -91, 67, 65, 17
108, -43, -102, 67, 80, 30, -100, 99, 103, 49, 0, -107, -49, 40, -70, 76, -124, -116, -112, -3, -91, 67, 65, 17, -13
-43, -102, 67, 80, 51, -100, 99, 103, 49, 110, -107, -49, 40, -70, 107, -124, -116, -112, -3, -78, 67, 65, 17, -13, 72
-102, 67, 80, 51, 58, 99, 103, 49, 110, 54, -49, 40, -70, 107, 50, -116, -112, -3, -78, -66, 65, 17, -13, 72, 52
67, 80, 51, 58, -82, 103, 49, 110, 54, 78, 40, -70, 107, 50, -1, -112, -3, -78, -66, -7, 17, -13, 72, 52, 2
80, 51, 58, -82, 89, 49, 110, 54, 78, 107, -70, 107, 50, -1, 97, -3, -78, -66, -7, -117, -13, 72, 52, 2, -97
34, -30, 41, 1, -19, -97, -17, 67, -20, 113, -79, -111, 119, -121, -3, -49, 105, -85, 47, 89, -76, 117, 41, -118, -16
-30, 41, 1, -19, 98, -17, 67, -20, 113, -35, -111, 119, -121, -3, 83, 105, -85, 47, 89, -52, 117, 41, -118, -16, -119
41, 1, -19, 98, 35, 67, -20, 113, -35, -47, 119, -121, -3, 83, 54, -85, 47, 89, -52, 51, 41, -118, -16, -119, 27
1, -19, 98, 35, -57, -20, 113, -35, -47, 26, -121, -3, 83, 54, -1, 47, 89, -52, 51, -27, -118, -16, -119, 27, 114
-19, 98, 35, -57, 92, 113, -35, -47, 26, 113, -3, 83, 54, -1, -40, 89, -52, 51, -27, -8, -16, -119, 27, 114, -121
98, 35, -57, 92, 103, -35, -47, 26, 113, -25, 83, 54, -1, -40, 65, -52, 51, -27, -8, 31, -119, 27, 114, -121, -83
35, -57, 92, 103, -1, -47, 26, 113, -25, -12, 54, -1, -40, 65, -61, 51, -27, -8, 31, 94, 27, 114, -121, -83, 45
-57, 92, 103, -1, 66, 26, 113, -25, -12, -32, -1, -40, 65, -61, -3, -27, -8, 31, 94, -111, 114, -121, -83, 45, 102
92, 103, -1, 66, -106, 113, -25, -12, -32, -62, -40, 65, -61, -3, 74, -8, 31, 94, -111, 45, -121, -83, 45, 102, -79
103, -1, 66, -106, -11, -25, -12, -32, -62, 77, 65, -61, -3, 74, 31, 31, 94, -111, 45, 126, -83, 45, 102, -79, -30
-1, 66, -106, -11, 67, -12, -32, -62, 77, 48, -61, -3, 74, 31, 60, 94, -111, 45, 126, 50, 45, 102, -79, -30, -4
66, -106, -11, 67, -27, -32, -62, 77, 48, -33, -3, 74, 31, 60, -1, -111, 45, 126, 50, -36, 102, -79, -30, -4, -112
-106, -11, 67, -27, 120, -62, 77, 48, -33, 87, 74, 31, 60, -1, 82, 45, 126, 50, -36, -4, -79, -30, -4, -112, 47
-11, 67, -27, 120, 76, 77, 48, -33, 87, 76, 31, 60, -1, 82, -76, 126, 50, -36, -4, 49, -30, -4, -112, 47, 60
67, -27, 120, 76, 72, 48, -33, 87, 76, -106, 60, -1, 82, -76, 87, 50, -36, -4, 49, -13, -4, -112, 47, 60, 95
-27, 120, 76, 72, -21, -33, 87, 76, -106, -86, -1, 82, -76, 87, 48, -36, -4, 49, -13, 61, -112, 47, 60, 95, -14
120, 76, 72, -21, -86, 87, 76, -106, -86, 83, 82, -76, 87, 48, 45, -4, 49, -13, 61, 116, 47, 60, 95, -14, -12
76, 72, -21, -86, -24, 76, -106, -86, 83, 78, -76, 87, 48, 45, -123, 49, -13, 61, 116, -68, 60, 95, -14, -12, -102
72, -21, -86, -24, -86, -106, -86, 83, 78, 47, 87, 48, 45, -123, -125, -13, 61, 116, -68, 40, 95, -14, -12, -102, -123
-21, -86, -24, -86, 30, -86, 83, 78, 47, 0, 48, 45, -123, -125, 76, 61, 116, -68, 40, -91, -14, -12, -102, -123, 31
-86, -24, -86, 30, -100, 83, 78, 47, 0, -107, 45, -123, -125, 76, -124, 116, -68, 40, -91, 67, -12, -102, -123, 31, -32
-24, -86, 30, -100, 99, 78, 47, 0, -107, -49, -123, -125, 76, -124, -116, -68, 40, -91, 67, 65, -102, -123, 31, -32, -115
-86, 30, -100, 99, 103, 47, 0, -107, -49, 40, -125, 76, -124, -116, -112, 40, -91, 67, 65, 17, -123, 31, -32, -115, 71
30, -100, 99, 103, 49, 0, -107, -49, 40, -70, 76, -124, -116, -112, -3, -91, 67, 65, 17, -13, 31, -32, -115, 71, -32
-100, 99, 103, 49, 110, -107, -49, 40, -70, 107, -124, -116, -112, -3, -78, 67, 65, 17, -13, 72, -32, -115, 71, -32, 103
99, 103, 49, 110, 54, -49, 40, -70, 107, 50, -116, -112, -3, -78, -66, 65, 17, -13, 72, 52, -115, 71, -32, 103, 87
103, 49, 110, 54, 78, 40, -70, 107, 50, -1, -112, -3, -78, -66, -7, 17, -13, 72, 52, 2, 71, -32, 103, 87, -45
49, 110, 54, 78, 107, -70, 107, 50, -1, 97, -3, -78, -66, -7, -117, -13, 72, 52, 2, -97, -32, 103, 87, -45, -17
-97, -17, 67, -20, 113, -79, -111, 119, -121, -3, -49, 105, -85, 47, 89, -76, 117, 41, -118, -16, -40, -108, 32, -101, -17
-17, 67, -20, 113, -35, -111, 119, -121, -3, 83, 105, -85, 47, 89, -52, 117, 41, -118, -16, -119, -108, 32, -101, -17, 26
67, -20, 113, -35, -47, 119, -121, -3, 83, 54, -85, 47, 89, -52, 51, 41, -118, -16, -119, 27, 32, -101, -17, 26, 105
-20, 113, -35, -47, 26, -121, -3, 83, 54, -1, 47, 89, -52, 51, -27, -118, -16, -119, 27, 114, -101, -17, 26, 105, -84
113, -35, -47, 26, 113, -3, 83, 54, -1, -40, 89, -52, 51, -27, -8, -16, -119, 27, 114, -121, -17, 26, 105, -84, 19
-35, -47, 26, 113, -25, 83, 54, -1, -40, 65, -52, 51, -27, -8, 31, -119, 27, 114, -121, -83, 26, 105, -84, 19, -38
-47, 26, 113, -25, -12, 54, -1, -40, 65, -61, 51, -27, -8, 31, 94, 27, 114, -121, -83, 45, 105, -84, 19, -38, -51
26, 113, -25, -12, -32, -1, -40, 65, -61, -3, -27, -8, 31, 94, -111, 114, -121, -83, 45, 102, -84, 19, -38, -51, -8
113, -25, -12, -32, -62, -40, 65, -61, -3, 74, -8, 31, 94, -111, 45, -121, -83, 45, 102, -79, 19, -38, -51, -8, -101
-25, -12, -32, -62, 77, 65, -61, -3, 74, 31, 31, 94, -111, 45, 126, -83, 45, 102, -79, -30, -38, -51, -8, -101, 14
-12, -32, -62, 77, 48, -61, -3, 74, 31, 60, 94, -111, 45, 126, 50, 45, 102, -79, -30, -4, -51, -8, -101, 14, 85
-32, -62, 77, 48, -33, -3, 74, 31, 60, -1, -111, 45, 126, 50, -36, 102, -79, -30, -4, -112, -8, -101, 14, 85, 50
-62, 77, 48, -33, 87, 74, 31, 60, -1, 82, 45, 126, 50, -36, -4, -79, -30, -4, -112, 47, -101, 14, 85, 50, -23
77, 48, -33, 87, 76, 31, 60, -1, 82, -76, 126, 50, -36, -4, 49, -30, -4, -112, 47, 60, 14, 85, 50, -23, 57
48, -33, 87, 76, -106, 60, -1, 82, -76, 87, 50, -36, -4, 49, -13, -4, -112, 47, 60, 95, 85, 50, -23, 57, -112
-33, 87, 76, -106, -86, -1, 82, -76, 87, 48, -36, -4, 49, -13, 61, -112, 47, 60, 95, -14, 50, -23, 57, -112, 92
87, 76, -106, -86, 83, 82, -76, 87, 48, 45, -4, 49, -13, 61, 116, 47, 60, 95, -14, -12, -23, 57, -112, 92, 73
76, -106, -86, 83, 78, -76, 87, 48, 45, -123, 49, -13, 61, 116, -68, 60, 95, -14, -12, -102, 57, -112, 92, 73, 102
-106, -86, 83, 78, 47, 87, 48, 45, -123, -125, -13, 61, 116, -68, 40, 95, -14, -12, -102, -123, -112, 92, 73, 102, 35
-86, 83, 78, 47, 0, 48, 45, -123, -125, 76, 61, 116, -68, 40, -91, -14, -12, -102, -123, 31, 92, 73, 102, 35, 57
83, 78, 47, 0, -107, 45, -123, -125, 76, -124, 116, -68, 40, -91, 67, -12, -102, -123, 31, -32, 73, 102, 35, 57, -123
78, 47, 0, -107, -49, -123, -125, 76, -124, -116, -68, 40, -91, 67, 65, -102, -123, 31, -32, -115, 102, 35, 57, -123, -50
47, 0, -107, -49, 40, -125, 76, -124, -116, -112, 40, -91, 67, 65, 17, -123, 31, -32, -115, 71, 35, 57, -123, -50, -76
0, -107, -49, 40, -70, 76, -124, -116, -112, -3, -91, 67, 65, 17, -13, 31, -32, -115, 71, -32, 57, -123, -50, -76, 114
-107, -49, 40, -70, 107, -124, -116, -112, -3, -78, 67, 65, 17, -13, 72, -32, -115, 71, -32, 103, -123, -50, -76, 114, 112
-49, 40, -70, 107, 50, -116, -112, -3, -78, -66, 65, 17, -13, 72, 52, -115, 71, -32, 103, 87, -50, -76, 114, 112, -120
40, -70, 107, 50, -1, -112, -3, -78, -66, -7, 17, -13, 72, 52, 2, 71, -32, 103, 87, -45, -76, 114, 112, -120, -109
-70, 107, 50, -1, 97, -3, -78, -66, -7, -117, -13, 72, 52, 2, -97, -32, 103, 87, -45, -17, 114, 112, -120, -109, -128
-79, -111, 119, -121, -3, -49, 105, -85, 47, 89, -76, 117, 41, -118, -16, -40, -108, 32, -101, -17, -23, 80, -2, -25, 61
-111, 119, -121, -3, 83, 105, -85, 47, 89, -52, 117, 41, -118, -16, -119, -108, 32, -101, -17, 26, 80, -2, -25, 61, 11
119, -121, -3, 83, 54, -85, 47, 89, -52, 51, 41, -118, -16, -119, 27, 32, -101, -17, 26, 105, -2, -25, 61, 11, 5
-121, -3, 83, 54, -1, 47, 89, -52, 51, -27, -118, -16, -119, 27, 114, -101, -17, 26, 105, -84, -25, 61, 11, 5, 102
-3, 83, 54, -1, -40, 89, -52, 51, -27, -8, -16, -119, 27, 114, -121, -17, 26, 105, -84, 19, 61, 11, 5, 102, -89
83, 54, -1, -40, 65, -52, 51, -27, -8, 31, -119, 27, 114, -121, -83, 26, 105, -84, 19, -38, 11, 5, 102, -89, 84
54, -1, -40, 65, -61, 51, -27, -8, 31, 94, 27, 114, -121, -83, 45, 105, -84, 19, -38, -51, 5, 102, -89, 84, -72
-1, -40, 65, -61, -3, -27, -8, 31, 94, -111, 114, -121, -83, 45, 102, -84, 19, -38, -51, -8, 102, -89, 84, -72, -66
-40, 65, -61, -3, 74, -8, 31, 94, -111, 45, -121, -83, 45, 102, -79, 19, -38, -51, -8, -101, -89, 84, -72, -66, 31
65, -61, -3, 74, 31, 31, 94, -111, 45, 126, -83, 45, 102, -79, -30, -38, -51, -8, -101, 14, 84, -72, -66, 31, 0
-61, -3, 74, 31, 60, 94, -111, 45, 126, 50, 45, 102, -79, -30, -4, -51, -8, -101, 14, 85, -72, -66, 31, 0, 54
-3, 74, 31, 60, -1, -111, 45, 126, 50, -36, 102, -79, -30, -4, -112, -8, -101, 14, 85, 50, -66, 31, 0, 54, -38
74, 31, 60, -1, 82, 45, 126, 50, -36, -4, -79, -30, -4, -112, 47, -101, 14, 85, 50, -23, 31, 0, 54, -38, 118
31, 60, -1, 82, -76, 126, 50, -36, -4, 49, -30, -4, -112, 47, 60, 14, 85, 50, -23, 57, 0, 54, -38, 118, 105
60, -1, 82, -76, 87, 50, -36, -4, 49, -13, -4, -112, 47, 60, 95, 85, 50, -23, 57, -112, 54, -38, 118, 105, 36
-1, 82, -76, 87, 48, -36, -4, 49, -13, 61, -112, 47, 60, 95, -14, 50, -23, 57, -112, 92, -38, 118, 105, 36, 8
82, -76, 87, 48, 45, -4, 49, -13, 61, 116, 47, 60, 95, -14, -12, -23, 57, -112, 92, 73, 118, 105, 36, 8, 80
-76, 87, 48, 45, -123, 49, -13, 61, 116, -68, 60, 95, -14, -12, -102, 57, -112, 92, 73, 102, 105, 36, 8, 80, 34
87, 48, 45, -123, -125, -13, 61, 116, -68, 40, 95, -14, -12, -102, -123, -112, 92, 73, 102, 35, 36, 8, 80, 34, -32
48, 45, -123, -125, 76, 61, 116, -68, 40, -91, -14, -12, -102, -123, 31, 92, 73, 102, 35, 57, 8, 80, 34, -32, -59
45, -123, -125, 76, -124, 116, -68, 40, -91, 67, -12, -102, -123, 31, -32, 73, 102, 35, 57, -123, 80, 34, -32, -59, -115
-123, -125, 76, -124, -116, -68, 40, -91, 67, 65, -102, -123, 31, -32, -115, 102, 35, 57, -123, -50, 34, -32, -59, -115, 30
-125, 76, -124, -116, -112, 40, -91, 67, 65, 17, -123, 31, -32, -115, 71, 35, 57, -123, -50, -76, -32, -59, -115, 30, 75
76, -124, -116, -112, -3, -91, 67, 65, 17, -13, 31, -32, -115, 71, -32, 57, -123, -50, -76, 114, -59, -115, 30, 75, -35
-124, -116, -112, -3, -78, 67, 65, 17, -13, 72, -32, -115, 71, -32, 103, -123, -50, -76, 114, 112, -115, 30, 75, -35, -11
-116, -112, -3, -78, -66, 65, 17, -13, 72, 52, -115, 71, -32, 103, 87, -50, -76, 114, 112, -120, 30, 75, -35, -11, 56
-112, -3, -78, -66, -7, 17, -13, 72, 52, 2, 71, -32, 103, 87, -45, -76, 114, 112, -120, -109, 75, -35, -11, 56, 28
-3, -78, -66, -7, -117, -13, 72, 52, 2, -97, -32, 103, 87, -45, -17, 114, 112, -120, -109, -128, -35, -11, 56, 28, -47
-49, 105, -85, 47, 89, -76, 117, 41, -118, -16, -40, -108, 32, -101, -17, -23, 80, -2, -25, 61, 61, -98, 47, 37, -58
105, -85, 47, 89, -52, 117, 41, -118, -16, -119, -108, 32, -101, -17, 26, 80, -2, -25, 61, 11, -98, 47, 37, -58, 26
-85, 47, 89, -52, 51, 41, -118, -16, -119, 27, 32, -101, -17, 26, 105, -2, -25, 61, 11, 5, 47, 37, -58, 26, -17
47, 89, -52, 51, -27, -118, -16, -119, 27, 114, -101, -17, 26, 105, -84, -25, 61, 11, 5, 102, 37, -58, 26, -17, -52
89, -52, 51, -27, -8, -16, -119, 27, 114, -121, -17, 26, 105, -84, 19, 61, 11, 5, 102, -89, -58, 26, -17, -52, 72
-52, 51, -27, -8, 31, -119, 27, 114, -121, -83, 26, 105, -84, 19, -38, 11, 5, 102, -89, 84, 26, -17, -52, 72, 78
51, -27, -8, 31, 94, 27, 114, -121, -83, 45, 105, -84, 19, -38, -51, 5, 102, -89, 84, -72, -17, -52, 72, 78, -16
-27, -8, 31, 94, -111, 114, -121, -83, 45, 102, -84, 19, -38, -51, -8, 102, -89, 84, -72, -66, -52, 72, 78, -16, 105
-8, 31, 94, -111, 45, -121, -83, 45, 102, -79, 19, -38, -51, -8, -101, -89, 84, -72, -66, 31, 72, 78, -16, 105, -125
31, 94, -111, 45, 126, -83, 45, 102, -79, -30, -38, -51, -8, -101, 14, 84, -72, -66, 31, 0, 78, -16, 105, -125, -89
94, -111, 45, 126, 50, 45, 102, -79, -30, -4, -51, -8, -101, 14, 85, -72, -66, 31, 0, 54, -16, 105, -125, -89, -57
-111, 45, 126, 50, -36, 102, -79, -30, -4, -112, -8, -101, 14, 85, 50, -66, 31, 0, 54, -38, 105, -125, -89, -57, -82
45, 126, 50, -36, -4, -79, -30, -4, -112, 47, -101, 14, 85, 50, -23, 31, 0, 54, -38, 118, -125, -89, -57, -82, -36
126, 50, -36, -4, 49, -30, -4, -112, 47, 60, 14, 85, 50, -23, 57, 0, 54, -38, 118, 105, -89, -57, -82, -36, -30
50, -36, -4, 49, -13, -4, -112, 47, 60, 95, 85, 50, -23, 57, -112, 54, -38, 118, 105, 36, -57, -82, -36, -30, 76
-36, -4, 49, -13, 61, -112, 47, 60, 95, -14, 50, -23, 57, -112, 92, -38, 118, 105, 36, 8, -82, -36, -30, 76, -50
-4, 49, -13, 61, 116, 47, 60, 95, -14, -12, -23, 57, -112, 92, 73, 118, 105, 36, 8, 80, -36, -30, 76, -50, 85
49, -13, 61, 116, -68, 60, 95, -14, -12, -102, 57, -112, 92, 73, 102, 105, 36, 8, 80, 34, -30, 76, -50, 85, 68
-13, 61, 116, -68, 40, 95, -14, -12, -102, -123, -112, 92, 73, 102, 35, 36, 8, 80, 34, -32, 76, -50, 85, 68, 16
61, 116, -68, 40, -91, -14, -12, -102, -123, 31, 92, 73, 102, 35, 57, 8, 80, 34, -32, -59, -50, 85, 68, 16, -19
116, -68, 40, -91, 67, -12, -102, -123, 31, -32, 73, 102, 35, 57, -123, 80, 34, -32, -59, -115, 85, 68, 16, -19, 119
-68, 40, -91, 67, 65, -102, -123, 31, -32, -115, 102, 35, 57, -123, -50, 34, -32, -59, -115, 30, 68, 16, -19, 119, -126
40, -91, 67, 65, 17, -123, 31, -32, -115, 71, 35, 57, -123, -50, -76, -32, -59, -115, 30, 75, 16, -19, 119, -126, -109
-91, 67, 65, 17, -13, 31, -32, -115, 71, -32, 57, -123, -50, -76, 114, -59, -115, 30, 75, -35, -19, 119, -126, -109, -109
67, 65, 17, -13, 72, -32, -115, 71, -32, 103, -123, -50, -76, 114, 112, -115, 30, 75, -35, -11, 119, -126, -109, -109, 113
65, 17, -13, 72, 52, -115, 71, -32, 103, 87, -50, -76, 114, 112, -120, 30, 75, -35, -11, 56, -126, -109, -109, 113, -68
17, -13, 72, 52, 2, 71, -32, 103, 87, -45, -76, 114, 112, -120, -109, 75, -35, -11, 56, 28, -109, -109, 113, -68, -116
-13, 72, 52, 2, -97, -32, 103, 87, -45, -17, 114, 112, -120, -109, -128, -35, -11, 56, 28, -47, -109, 113, -68, -116, 38
-76, 117, 41, -118, -16, -40, -108, 32, -101, -17, -23, 80, -2, -25, 61, 61, -98, 47, 37, -58, -94, 6, -19, -69, -80
117, 41, -118, -16, -119, -108, 32, -101, -17, 26, 80, -2, -25, 61, 11, -98, 47, 37, -58, 26, 6, -19, -69, -80, 115
41, -118, -16, -119, 27, 32, -101, -17, 26, 105, -2, -25, 61, 11, 5, 47, 37, -58, 26, -17, -19, -69, -80, 115, 56
-118, -16, -119, 27, 114, -101, -17, 26, 105, -84, -25, 61, 11, 5, 102, 37, -58, 26, -17, -52, -69, -80, 115, 56, -13
-16, -119, 27, 114, -121, -17, 26, 105, -84, 19, 61, 11, 5, 102, -89, -58, 26, -17, -52, 72, -80, 115, 56, -13, 68
-119, 27, 114, -121, -83, 26, 105, -84, 19, -38, 11, 5, 102, -89, 84, 26, -17, -52, 72, 78, 115, 56, -13, 68, -91
27, 114, -121, -83, 45, 105, -84, 19, -38, -51, 5, 102, -89, 84, -72, -17, -52, 72, 78, -16, 56, -13, 68, -91, -33
114, -121, -83, 45, 102, -84, 19, -38, -51, -8, 102, -89, 84, -72, -66, -52, 72, 78, -16, 105, -13, 68, -91, -33, 49
-121, -83, 45, 102, -79, 19, -38, -51, -8, -101, -89, 84, -72, -66, 31, 72, 78, -16, 105, -125, 68, -91, -33, 49, -8
-83, 45, 102, -79, -30, -38, -51, -8, -101, 14, 84, -72, -66, 31, 0, 78, -16, 105, -125, -89, -91, -33, 49, -8, -29
45, 102, -79, -30, -4, -51, -8, -101, 14, 85, -72, -66, 31, 0, 54, -16, 105, -125, -89, -57, -33, 49, -8, -29, 126
102, -79, -30, -4, -112, -8, -101, 14, 85, 50, -66, 31, 0, 54, -38, 105, -125, -89, -57, -82, 49, -8, -29, 126, 64
-79, -30, -4, -112, 47, -101, 14, 85, 50, -23, 31, 0, 54, -38, 118, -125, -89, -57, -82, -36, -8, -29, 126, 64, -97
-30, -4, -112, 47, 60, 14, 85, 50, -23, 57, 0, 54, -38, 118, 105, -89, -57, -82, -36, -30, -29, 126, 64, -97, 23
-4, -112, 47, 60, 95, 85, 50, -23, 57, -112, 54, -38, 118, 105, 36, -57, -82, -36, -30, 76, 126, 64, -97, 23, 3
-112, 47, 60, 95, -14, 50, -23, 57, -112, 92, -38, 118, 105, 36, 8, -82, -36, -30, 76, -50, 64, -97, 23, 3, -89
47, 60, 95, -14, -12, -23, 57, -112, 92, 73, 118, 105, 36, 8, 80, -36, -30, 76, -50, 85, -97, 23, 3, -89, -121
60, 95, -14, -12, -102, 57, -112, 92, 73, 102, 105, 36, 8, 80, 34, -30, 76, -50, 85, 68, 23, 3, -89, -121, -1
95, -14, -12, -102, -123, -112, 92, 73, 102, 35, 36, 8, 80, 34, -32, 76, -50, 85, 68, 16, 3, -89, -121, -1, -39
-14, -12, -102, -123, 31, 92, 73, 102, 35, 57, 8, 80, 34, -32, -59, -50, 85, 68, 16, -19, -89, -121, -1, -39, 46
-12, -102, -123, 31, -32, 73, 102, 35, 57, -123, 80, 34, -32, -59, -115, 85, 68, 16, -19, 119, -121, -1, -39, 46, -79
-102, -123, 31, -32, -115, 102, 35, 57, -123, -50, 34, -32, -59, -115, 30, 68, 16, -19, 119, -126, -1, -39, 46, -79, 59
-123, 31, -32, -115, 71, 35, 57, -123, -50, -76, -32, -59, -115, 30, 75, 16, -19, 119, -126, -109, -39, 46, -79, 59, -101
31, -32, -115, 71, -32, 57, -123, -50, -76, 114, -59, -115, 30, 75, -35, -19, 119, -126, -109, -109, 46, -79, 59, -101, 91
-32, -115, 71, -32, 103, -123, -50, -76, 114, 112, -115, 30, 75, -35, -11, 119, -126, -109, -109, 113, -79, 59, -101, 91, -121
-115, 71, -32, 103, 87, -50, -76, 114, 112, -120, 30, 75, -35, -11, 56, -126, -109, -109, 113, -68, 59, -101, 91, -121, 22
71, -32, 103, 87, -45, -76, 114, 112, -120, -109, 75, -35, -11, 56, 28, -109, -109, 113, -68, -116, -101, 91, -121, 22, -125
-32, 103, 87, -45, -17, 114, 112, -120, -109, -128, -35, -11, 56, 28, -47, -109, 113, -68, -116, 38, 91, -121, 22, -125, 39
-40, -108, 32, -101, -17, -23, 80, -2, -25, 61, 61, -98, 47, 37, -58, -94, 6, -19, -69, -80, 52, 39, -3, 5, 34
-108, 32, -101, -17, 26, 80, -2, -25, 61, 11, -98, 47, 37, -58, 26, 6, -19, -69, -80, 115, 39, -3, 5, 34, -17
32, -101, -17, 26, 105, -2, -25, 61, 11, 5, 47, 37, -58, 26, -17, -19, -69, -80, 115, 56, -3, 5, 34, -17, -14
-101, -17, 26, 105, -84, -25, 61, 11, 5, 102, 37, -58, 26, -17, -52, -69, -80, 115, 56, -13, 5, 34, -17, -14, -67
-17, 26, 105, -84, 19, 61, 11, 5, 102, -89, -58, 26, -17, -52, 72, -80, 115, 56, -13, 68, 34, -17, -14, -67, 21
26, 105, -84, 19, -38, 11, 5, 102, -89, 84, 26, -17, -52, 72, 78, 115, 56, -13, 68, -91, -17, -14, -67, 21, 89
105, -84, 19, -38, -51, 5, 102, -89, 84, -72, -17, -52, 72, 78, -16, 56, -13, 68, -91, -33, -14, -67, 21, 89, -89
-84, 19, -38, -51, -8, 102, -89, 84, -72, -66, -52, 72, 78, -16, 105, -13, 68, -91, -33, 49, -67, 21, 89, -89, -33
19, -38, -51, -8, -101, -89, 84, -72, -66, 31, 72, 78, -16, 105, -125, 68, -91, -33, 49, -8, 21, 89, -89, -33, 10
-38, -51, -8, -101, 14, 84, -72, -66, 31, 0, 78, -16, 105, -125, -89, -91, -33, 49, -8, -29, 89, -89, -33, 10, -88
-51, -8, -101, 14, 85, -72, -66, 31, 0, 54, -16, 105, -125, -89, -57, -33, 49, -8, -29, 126, -89, -33, 10, -88, -107
-8, -101, 14, 85, 50, -66, 31, 0, 54, -38, 105, -125, -89, -57, -82, 49, -8, -29, 126, 64, -33, 10, -88, -107, -108
-101, 14, 85, 50, -23, 31, 0, 54, -38, 118, -125, -89, -57, -82, -36, -8, -29, 126, 64, -97, 10, -88, -107, -108, -21
14, 85, 50, -23, 57, 0, 54, -38, 118, 105, -89, -57, -82, -36, -30, -29, 126, 64, -97, 23, -88, -107, -108, -21, 37
85, 50, -23, 57, -112, 54, -38, 118, 105, 36, -57, -82, -36, -30, 76, 126, 64, -97, 23, 3, -107, -108, -21, 37, -82
50, -23, 57, -112, 92, -38, 118, 105, 36, 8, -82, -36, -30, 76, -50, 64, -97, 23, 3, -89, -108, -21, 37, -82, 86
-23, 57, -112, 92, 73, 118, 105, 36, 8, 80, -36, -30, 76, -50, 85, -97, 23, 3, -89, -121, -21, 37, -82, 86, 100
57, -112, 92, 73, 102, 105, 36, 8, 80, 34, -30, 76, -50, 85, 68, 23, 3, -89, -121, -1, 37, -82, 86, 100, -100
-112, 92, 73, 102, 35, 36, 8, 80, 34, -32, 76, -50, 85, 68, 16, 3, -89, -121, -1, -39, -82, 86, 100, -100, 66
92, 73, 102, 35, 57, 8, 80, 34, -32, -59, -50, 85, 68, 16, -19, -89, -121, -1, -39, 46, 86, 100, -100, 66, 63
73, 102, 35, 57, -123, 80, 34, -32, -59, -115, 85, 68, 16, -19, 119, -121, -1, -39, 46, -79, 100, -100, 66, 63, 15
102, 35, 57, -123, -50, 34, -32, -59, -115, 30, 68, 16, -19, 119, -126, -1, -39, 46, -79, 59, -100, 66, 63, 15, 10
35, 57, -123, -50, -76, -32, -59, -115, 30, 75, 16, -19, 119, -126, -109, -39, 46, -79, 59, -101, 66, 63, 15, 10, -16
57, -123, -50, -76, 114, -59, -115, 30, 75, -35, -19, 119, -126, -109, -109, 46, -79, 59, -101, 91, 63, 15, 10, -16, -111
-123, -50, -76, 114, 112, -115, 30, 75, -35, -11, 119, -126, -109, -109, 113, -79, 59, -101, 91, -121, 15, 10, -16, -111, 42
-50, -76, 114, 112, -120, 30, 75, -35, -11, 56, -126, -109, -109, 113, -68, 59, -101, 91, -121, 22, 10, -16, -111, 42, -111
-76, 114, 112, -120, -109, 75, -35, -11, 56, 28, -109, -109, 113, -68, -116, -101, 91, -121, 22, -125, -16, -111, 42, -111, 54
114, 112, -120, -109, -128, -35, -11, 56, 28, -47, -109, 113, -68, -116, 38, 91, -121, 22, -125, 39, -111, 42, -111, 54, -61
-23, 80, -2, -25, 61, 61, -98, 47, 37, -58, -94, 6, -19, -69, -80, 52, 39, -3, 5, 34, -126, -78, -44, 111, -124
80, -2, -25, 61, 11, -98, 47, 37, -58, 26, 6, -19, -69, -80, 115, 39, -3, 5, 34, -17, -78, -44, 111, -124, 107
-2, -25, 61, 11, 5, 47, 37, -58, 26, -17, -19, -69, -80, 115, 56, -3, 5, 34, -17, -14, -44, 111, -124, 107, -19
-25, 61, 11, 5, 102, 37, -58, 26, -17, -52, -69, -80, 115, 56, -13, 5, 34, -17, -14, -67, 111, -124, 107, -19, 84
61, 11, 5, 102, -89, -58, 26, -17, -52, 72, -80, 115, 56, -13, 68, 34, -17, -14, -67, 21, -124, 107, -19, 84, 96
11, 5, 102, -89, 84, 26, -17, -52, 72, 78, 115, 56, -13, 68, -91, -17, -14, -67, 21, 89, 107, -19, 84, 96, -77
5, 102, -89, 84, -72, -17, -52, 72, 78, -16, 56, -13, 68, -91, -33, -14, -67, 21, 89, -89, -19, 84, 96, -77, 57
102, -89, 84, -72, -66, -52, 72, 78, -16, 105, -13, 68, -91, -33, 49, -67, 21, 89, -89, -33, 84, 96, -77, 57, -112
-89, 84, -72, -66, 31, 72, 78, -16, 105, -125, 68, -91, -33, 49, -8, 21, 89, -89, -33, 10, 96, -77, 57, -112, 84
84, -72, -66, 31, 0, 78, -16, 105, -125, -89, -91, -33, 49, -8, -29, 89, -89, -33, 10, -88, -77, 57, -112, 84, 46
-72, -66, 31, 0, 54, -16, 105, -125, -89, -57, -33, 49, -8, -29, 126, -89, -33, 10, -88, -107, 57, -112, 84, 46, -11
-66, 31, 0, 54, -38, 105, -125, -89, -57, -82, 49, -8, -29, 126, 64, -33, 10, -88, -107, -108, -112, 84, 46, -11, -9
31, 0, 54, -38, 118, -125, -89, -57, -82, -36, -8, -29, 126, 64, -97, 10, -88, -107, -108, -21, 84, 46, -11, -9, -76
0, 54, -38, 118, 105, -89, -57, -82, -36, -30, -29, 126, 64, -97, 23, -88, -107, -108, -21, 37, 46, -11, -9, -76, 36
54, -38, 118, 105, 36, -57, -82, -36, -30, 76, 126, 64, -97, 23, 3, -107, -108, -21, 37, -82, -11, -9, -76, 36, -42
-38, 118, 105, 36, 8, -82, -36, -30, 76, -50, 64, -97, 23, 3, -89, -108, -21, 37, -82, 86, -9, -76, 36, -42, 72
118, 105, 36, 8, 80, -36, -30, 76, -50, 85, -97, 23, 3, -89, -121, -21, 37, -82, 86, 100, -76, 36, -42, 72, 20
105, 36, 8, 80, 34, -30, 76, -50, 85, 68, 23, 3, -89, -121, -1, 37, -82, 86, 100, -100, 36, -42, 72, 20, -16
36, 8, 80, 34, -32, 76, -50, 85, 68, 16, 3, -89, -121, -1, -39, -82, 86, 100, -100, 66, -42, 72, 20, -16, -33
8, 80, 34, -32, -59, -50, 85, 68, 16, -19, -89, -121, -1, -39, 46, 86, 100, -100, 66, 63, 72, 20, -16, -33, 61
80, 34, -32, -59, -115, 85, 68, 16, -19, 119, -121, -1, -39, 46, -79, 100, -100, 66, 63, 15, 20, -16, -33, 61, 89
34, -32, -59, -115, 30, 68, 16, -19, 119, -126, -1, -39, 46, -79, 59, -100, 66, 63, 15, 10, -16, -33, 61, 89, 106
-32, -59, -115, 30, 75, 16, -19, 119, -126, -109, -39, 46, -79, 59, -101, 66, 63, 15, 10, -16, -33, 61, 89, 106, -67
-59, -115, 30, 75, -35, -19, 119, -126, -109, -109, 46, -79, 59, -101, 91, 63, 15, 10, -16, -111, 61, 89, 106, -67, 102
-115, 30, 75, -35, -11, 119, -126, -109, -109, 113, -79, 59, -101, 91, -121, 15, 10, -16, -111, 42, 89, 106, -67, 102, 23
30, 75, -35, -11, 56, -126, -109, -109, 113, -68, 59, -101, 91, -121, 22, 10, -16, -111, 42, -111, 106, -67, 102, 23, -102
75, -35, -11, 56, 28, -109, -109, 113, -68, -116, -101, 91, -121, 22, -125, -16, -111, 42, -111, 54, -67, 102, 23, -102, -97
-35, -11, 56, 28, -47, -109, 113, -68, -116, 38, 91, -121, 22, -125, 39, -111, 42, -111, 54, -61, 102, 23, -102, -97, 106
61, -98, 47, 37, -58, -94, 6, -19, -69, -80, 52, 39, -3, 5, 34, -126, -78, -44, 111, -124, -56, 53, -52, 67, 26
-98, 47, 37, -58, 26, 6, -19, -69, -80, 115, 39, -3, 5, 34, -17, -78, -44, 111, -124, 107, 53, -52, 67, 26, 82
47, 37, -58, 26, -17, -19, -69, -80, 115, 56, -3, 5, 34, -17, -14, -44, 111, -124, 107, -19, -52, 67, 26, 82, 48
37, -58, 26, -17, -52, -69, -80, 115, 56, -13, 5, 34, -17, -14, -67, 111, -124, 107, -19, 84, 67, 26, 82, 48, -11
-58, 26, -17, -52, 72, -80, 115, 56, -13, 68, 34, -17, -14, -67, 21, -124, 107, -19, 84, 96, 26, 82, 48, -11, 41
26, -17, -52, 72, 78, 115, 56, -13, 68, -91, -17, -14, -67, 21, 89, 107, -19, 84, 96, -77, 82, 48, -11, 41, -99
-17, -52, 72, 78, -16, 56, -13, 68, -91, -33, -14, -67, 21, 89, -89, -19, 84, 96, -77, 57, 48, -11, 41, -99, -62
-52, 72, 78, -16, 105, -13, 68, -91, -33, 49, -67, 21, 89, -89, -33, 84, 96, -77, 57, -112, -11, 41, -99, -62, -7
72, 78, -16, 105, -125, 68, -91, -33, 49, -8, 21, 89, -89, -33, 10, 96, -77, 57, -112, 84, 41, -99, -62, -7, 19
78, -16, 105, -125, -89, -91, -33, 49, -8, -29, 89, -89, -33, 10, -88, -77, 57, -112, 84, 46, -99, -62, -7, 19, 117
-16, 105, -125, -89, -57, -33, 49, -8, -29, 126, -89, -33, 10, -88, -107, 57, -112, 84, 46, -11, -62, -7, 19, 117, -117
105, -125, -89, -57, -82, 49, -8, -29, 126, 64, -33, 10, -88, -107, -108, -112, 84, 46, -11, -9, -7, 19, 117, -117, -11
-125, -89, -57, -82, -36, -8, -29, 126, 64, -97, 10, -88, -107, -108, -21, 84, 46, -11, -9, -76, 19, 117, -117, -11, -95
-89, -57, -82, -36, -30, -29, 126, 64, -97, 23, -88, -107, -108, -21, 37, 46, -11, -9, -76, 36, 117, -117, -11, -95, 116
-57, -82, -36, -30, 76, 126, 64, -97, 23, 3, -107, -108, -21, 37, -82, -11, -9, -76, 36, -42, -117, -11, -95, 116, -119
-82, -36, -30, 76, -50, 64, -97, 23, 3, -89, -108, -21, 37, -82, 86, -9, -76, 36, -42, 72, -11, -95, 116, -119, -77
-36, -30, 76, -50, 85, -97, 23, 3, -89, -121, -21, 37, -82, 86, 100, -76, 36, -42, 72, 20, -95, 116, -119, -77, -24
-30, 76, -50, 85, 68, 23, 3, -89, -121, -1, 37, -82, 86, 100, -100, 36, -42, 72, 20, -16, 116, -119, -77, -24, -88
76, -50, 85, 68, 16, 3, -89, -121, -1, -39, -82, 86, 100, -100, 66, -42, 72, 20, -16, -33, -119, -77, -24, -88, 22
-50, 85, 68, 16, -19, -89, -121, -1, -39, 46, 86, 100, -100, 66, 63, 72, 20, -16, -33, 61, -77, -24, -88, 22, 28
85, 68, 16, -19, 119, -121, -1, -39, 46, -79, 100, -100, 66, 63, 15, 20, -16, -33, 61, 89, -24, -88, 22, 28, -105
68, 16, -19, 119, -126, -1, -39, 46, -79, 59, -100, 66, 63, 15, 10, -16, -33, 61, 89, 106, -88, 22, 28, -105, -2
16, -19, 119, -126, -109, -39, 46, -79, 59, -101, 66, 63, 15, 10, -16, -33, 61, 89, 106, -67, 22, 28, -105, -2, -32
-19, 119, -126, -109, -109, 46, -79, 59, -101, 91, 63, 15, 10, -16, -111, 61, 89, 106, -67, 102, 28, -105, -2, -32, 9
119, -126, -109, -109, 113, -79, 59, -101, 91, -121, 15, 10, -16, -111, 42, 89, 106, -67, 102, 23, -105, -2, -32, 9, 121
-126, -109, -109, 113, -68, 59, -101, 91, -121, 22, 10, -16, -111, 42, -111, 106, -67, 102, 23, -102, -2, -32, 9, 121, 111
-109, -109, 113, -68, -116, -101, 91, -121, 22, -125, -16, -111, 42, -111, 54, -67, 102, 23, -102, -97, -32, 9, 121, 111, -107
-109, 113, -68, -116, 38, 91, -121, 22, -125, 39, -111, 42, -111, 54, -61, 102, 23, -102, -97, 106, 9, 121, 111, -107, 76
-94, 6, -19, -69, -80, 52, 39, -3, 5, 34, -126, -78, -44, 111, -124, -56, 53, -52, 67, 26, 74, 124, 70, 88, 4
6, -19, -69, -80, 115, 39, -3, 5, 34, -17, -78, -44, 111, -124, 107, 53, -52, 67, 26, 82, 124, 70, 88, 4, 123
-19, -69, -80, 115, 56, -3, 5, 34, -17, -14, -44, 111, -124, 107, -19, -52, 67, 26, 82, 48, 70, 88, 4, 123, 76
-69, -80, 115, 56, -13, 5, 34, -17, -14, -67, 111, -124, 107, -19, 84, 67, 26, 82, 48, -11, 88, 4, 123, 76, 111
-80, 115, 56, -13, 68, 34, -17, -14, -67, 21, -124, 107, -19, 84, 96, 26, 82, 48, -11, 41, 4, 123, 76, 111, 118
115, 56, -13, 68, -91, -17, -14, -67, 21, 89, 107, -19, 84, 96, -77, 82, 48, -11, 41, -99, 123, 76, 111, 118, 59
56, -13, 68, -91, -33, -14, -67, 21, 89, -89, -19, 84, 96, -77, 57, 48, -11, 41, -99, -62, 76, 111, 118, 59, -51
-13, 68, -91, -33, 49, -67, 21, 89, -89, -33, 84, 96, -77, 57, -112, -11, 41, -99, -62, -7, 111, 118, 59, -51, 114
68, -91, -33, 49, -8, 21, 89, -89, -33, 10, 96, -77, 57, -112, 84, 41, -99, -62, -7, 19, 118, 59, -51, 114, -62
-91, -33, 49, -8, -29, 89, -89, -33, 10, -88, -77, 57, -112, 84, 46, -99, -62, -7, 19, 117, 59, -51, 114, -62, -80
-33, 49, -8, -29, 126, -89, -33, 10, -88, -107, 57, -112, 84, 46, -11, -62, -7, 19, 117, -117, -51, 114, -62, -80, -19
49, -8, -29, 126, 64, -33, 10, -88, -107, -108, -112, 84, 46, -11, -9, -7, 19, 117, -117, -11, 114, -62, -80, -19, 104
-8, -29, 126, 64, -97, 10, -88, -107, -108, -21, 84, 46, -11, -9, -76, 19, 117, -117, -11, -95, -62, -80, -19, 104, 27
-29, 126, 64, -97, 23, -88, -107, -108, -21, 37, 46, -11, -9, -76, 36, 117, -117, -11, -95, 116, -80, -19, 104, 27, 11
126, 64, -97, 23, 3, -107, -108, -21, 37, -82, -11, -9, -76, 36, -42, -117, -11, -95, 116, -119, -19, 104, 27, 11, -16
64, -97, 23, 3, -89, -108, -21, 37, -82, 86, -9, -76, 36, -42, 72, -11, -95, 116, -119, -77, 104, 27, 11, -16, 31
-97, 23, 3, -89, -121, -21, 37, -82, 86, 100, -76, 36, -42, 72, 20, -95, 116, -119, -77, -24, 27, 11, -16, 31, -70
23, 3, -89, -121, -1, 37, -82, 86, 100, -100, 36, -42, 72, 20, -16, 116, -119, -77, -24, -88, 11, -16, 31, -70, 52
3, -89, -121, -1, -39, -82, 86, 100, -100, 66, -42, 72, 20, -16, -33, -119, -77, -24, -88, 22, -16, 31, -70, 52, 111
-89, -121, -1, -39, 46, 86, 100, -100, 66, 63, 72, 20, -16, -33, 61, -77, -24, -88, 22, 28, 31, -70, 52, 111, -28
-121, -1, -39, 46, -79, 100, -100, 66, 63, 15, 20, -16, -33, 61, 89, -24, -88, 22, 28, -105, -70, 52, 111, -28, -122
-1, -39, 46, -79, 59, -100, 66, 63, 15, 10, -16, -33, 61, 89, 106, -88, 22, 28, -105, -2, 52, 111, -28, -122, 18
-39, 46, -79, 59, -101, 66, 63, 15, 10, -16, -33, 61, 89, 106, -67, 22, 28, -105, -2, -32, 111, -28, -122, 18, 79
46, -79, 59, -101, 91, 63, 15, 10, -16, -111, 61, 89, 106, -67, 102, 28, -105, -2, -32, 9, -28, -122, 18, 79, 102
-79, 59, -101, 91, -121, 15, 10, -16, -111, 42, 89, 106, -67, 102, 23, -105, -2, -32, 9, 121, -122, 18, 79, 102, -14
59, -101, 91, -121, 22, 10, -16, -111, 42, -111, 106, -67, 102, 23, -102, -2, -32, 9, 121, 111, 18, 79, 102, -14, -42
-101, 91, -121, 22, -125, -16, -111, 42, -111, 54, -67, 102, 23, -102, -97, -32, 9, 121, 111, -107, 79, 102, -14, -42, 125
91, -121, 22, -125, 39, -111, 42, -111, 54, -61, 102, 23, -102, -97, 106, 9, 121, 111, -107, 76, 102, -14, -42, 125, -59
52, 39, -3, 5, 34, -126, -78, -44, 111, -124, -56, 53, -52, 67, 26, 74, 124, 70, 88, 4, -108, -118, -38, -105, -76
39, -3, 5, 34, -17, -78, -44, 111, -124, 107, 53, -52, 67, 26, 82, 124, 70, 88, 4, 123, -118, -38, -105, -76, -1
-3, 5, 34, -17, -14, -44, 111, -124, 107, -19, -52, 67, 26, 82, 48, 70, 88, 4, 123, 76, -38, -105, -76, -1, 55
5, 34, -17, -14, -67, 111, -124, 107, -19, 84, 67, 26, 82, 48, -11, 88, 4, 123, 76, 111, -105, -76, -1, 55, -83
34, -17, -14, -67, 21, -124, 107, -19, 84, 96, 26, 82, 48, -11, 41, 4, 123, 76, 111, 118, -76, -1, 55, -83, -43
-17, -14, -67, 21, 89, 107, -19, 84, 96, -77, 82, 48, -11, 41, -99, 123, 76, 111, 118, 59, -1, 55, -83, -43, -85
-14, -67, 21, 89, -89, -19, 84, 96, -77, 57, 48, -11, 41, -99, -62, 76, 111, 118, 59, -51, 55, -83, -43, -85, -24
-67, 21, 89, -89, -33, 84, 96, -77, 57, -112, -11, 41, -99, -62, -7, 111, 118, 59, -51, 114, -83, -43, -85, -24, 11
21, 89, -89, -33, 10, 96, -77, 57, -112, 84, 41, -99, -62, -7, 19, 118, 59, -51, 114, -62, -43, -85, -24, 11, -8
89, -89, -33, 10, -88, -77, 57, -112, 84, 46, -99, -62, -7, 19, 117, 59, -51, 114, -62, -80, -85, -24, 11, -8, 31
-89, -33, 10, -88, -107, 57, -112, 84, 46, -11, -62, -7, 19, 117, -117, -51, 114, -62, -80, -19, -24, 11, -8, 31, 105
-33, 10, -88, -107, -108, -112, 84, 46, -11, -9, -7, 19, 117, -117, -11, 114, -62, -80, -19, 104, 11, -8, 31, 105, 96
10, -88, -107, -108, -21, 84, 46, -11, -9, -76, 19, 117, -117, -11, -95, -62, -80, -19, 104, 27, -8, 31, 105, 96, -124
-88, -107, -108, -21, 37, 46, -11, -9, -76, 36, 117, -117, -11, -95, 116, -80, -19, 104, 27, 11, 31, 105, 96, -124, 70
-107, -108, -21, 37, -82, -11, -9, -76, 36, -42, -117, -11, -95, 116, -119, -19, 104, 27, 11, -16, 105, 96, -124, 70, 38
-108, -21, 37, -82, 86, -9, -76, 36, -42, 72, -11, -95, 116, -119, -77, 104, 27, 11, -16, 31, 96, -124, 70, 38, -97
-21, 37, -82, 86, 100, -76, 36, -42, 72, 20, -95, 116, -119, -77, -24, 27, 11, -16, 31, -70, -124, 70, 38, -97, -112
37, -82, 86, 100, -100, 36, -42, 72, 20, -16, 116, -119, -77, -24, -88, 11, -16, 31, -70, 52, 70, 38, -97, -112, 75
-82, 86, 100, -100, 66, -42, 72, 20, -16, -33, -119, -77, -24, -88, 22, -16, 31, -70, 52, 111, 38, -97, -112, 75, 122
86, 100, -100, 66, 63, 72, 20, -16, -33, 61, -77, -24, -88, 22, 28, 31, -70, 52, 111, -28, -97, -112, 75, 122, -11
100, -100, 66, 63, 15, 20, -16, -33, 61, 89, -24, -88, 22, 28, -105, -70, 52, 111, -28, -122, -112, 75, 122, -11, 10
-100, 66, 63, 15, 10, -16, -33, 61, 89, 106, -88, 22, 28, -105, -2, 52, 111, -28, -122, 18, 75, 122, -11, 10, -39
66, 63, 15, 10, -16, -33, 61, 89, 106, -67, 22, 28, -105, -2, -32, 111, -28, -122, 18, 79, 122, -11, 10, -39, 31
63, 15, 10, -16, -111, 61, 89, 106, -67, 102, 28, -105, -2, -32, 9, -28, -122, 18, 79, 102, -11, 10, -39, 31, 119
15, 10, -16, -111, 42, 89, 106, -67, 102, 23, -105, -2, -32, 9, 121, -122, 18, 79, 102, -14, 10, -39, 31, 119, 120
10, -16, -111, 42, -111, 106, -67, 102, 23, -102, -2, -32, 9, 121, 111, 18, 79, 102, -14, -42, -39, 31, 119, 120, 37
-16, -111, 42, -111, 54, -67, 102, 23, -102, -97, -32, 9, 121, 111, -107, 79, 102, -14, -42, 125, 31, 119, 120, 37, 35
-111, 42, -111, 54, -61, 102, 23, -102, -97, 106, 9, 121, 111, -107, 76, 102, -14, -42, 125, -59, 119, 120, 37, 35, 43
-126, -78, -44, 111, -124, -56, 53, -52, 67, 26, 74, 124, 70, 88, 4, -108, -118, -38, -105, -76, 47, 86, -10, -83, -73
-78, -44, 111, -124, 107, 53, -52, 67, 26, 82, 124, 70, 88, 4, 123, -118, -38, -105, -76, -1, 86, -10, -83, -73, 77
-44, 111, -124, 107, -19, -52, 67, 26, 82, 48, 70, 88, 4, 123, 76, -38, -105, -76, -1, 55, -10, -83, -73, 77, -68
111, -124, 107, -19, 84, 67, 26, 82, 48, -11, 88, 4, 123, 76, 111, -105, -76, -1, 55, -83, -83, -73, 77, -68, -125
-124, 107, -19, 84, 96, 26, 82, 48, -11, 41, 4, 123, 76, 111, 118, -76, -1, 55, -83, -43, -73, 77, -68, -125, -52
107, -19, 84, 96, -77, 82, 48, -11, 41, -99, 123, 76, 111, 118, 59, -1, 55, -83, -43, -85, 77, -68, -125, -52, 100
-19, 84, 96, -77, 57, 48, -11, 41, -99, -62, 76, 111, 118, 59, -51, 55, -83, -43, -85, -24, -68, -125, -52, 100, 47
84, 96, -77, 57, -112, -11, 41, -99, -62, -7, 111, 118, 59, -51, 114, -83, -43, -85, -24, 11, -125, -52, 100, 47, -11
96, -77, 57, -112, 84, 41, -99, -62, -7, 19, 118, 59, -51, 114, -62, -43, -85, -24, 11, -8, -52, 100, 47, -11, 38
-77, 57, -112, 84, 46, -99, -62, -7, 19, 117, 59, -51, 114, -62, -80, -85, -24, 11, -8, 31, 100, 47, -11, 38, -34
57, -112, 84, 46, -11, -62, -7, 19, 117, -117, -51, 114, -62, -80, -19, -24, 11, -8, 31, 105, 47, -11, 38, -34, -26
-112, 84, 46, -11, -9, -7, 19, 117, -117, -11, 114, -62, -80, -19, 104, 11, -8, 31, 105, 96, -11, 38, -34, -26, -123
84, 46, -11, -9, -76, 19, 117, -117, -11, -95, -62, -80, -19, 104, 27, -8, 31, 105, 96, -124, 38, -34, -26, -123, 122
46, -11, -9, -76, 36, 117, -117, -11, -95, 116, -80, -19, 104, 27, 11, 31, 105, 96, -124, 70, -34, -26, -123, 122, -43
-11, -9, -76, 36, -42, -117, -11, -95, 116, -119, -19, 104, 27, 11, -16, 105, 96, -124, 70, 38, -26, -123, 122, -43, 66
-9, -76, 36, -42, 72, -11, -95, 116, -119, -77, 104, 27, 11, -16, 31, 96, -124, 70, 38, -97, -123, 122, -43, 66, 103
-76, 36, -42, 72, 20, -95, 116, -119, -77, -24, 27, 11, -16, 31, -70, -124, 70, 38, -97, -112, 122, -43, 66, 103, 52
36, -42, 72, 20, -16, 116, -119, -77, -24, -88, 11, -16, 31, -70, 52, 70, 38, -97, -112, 75, -43, 66, 103, 52, -86
-42, 72, 20, -16, -33, -119, -77, -24, -88, 22, -16, 31, -70, 52, 111, 38, -97, -112, 75, 122, 66, 103, 52, -86, 88
72, 20, -16, -33, 61, -77, -24, -88, 22, 28, 31, -70, 52, 111, -28, -97, -112, 75, 122, -11, 103, 52, -86, 88, 101
20, -16, -33, 61, 89, -24, -88, 22, 28, -105, -70, 52, 111, -28, -122, -112, 75, 122, -11, 10, 52, -86, 88, 101, -73
-16, -33, 61, 89, 106, -88, 22, 28, -105, -2, 52, 111, -28, -122, 18, 75, 122, -11, 10, -39, -86, 88, 101, -73, -85
-33, 61, 89, 106, -67, 22, 28, -105, -2, -32, 111, -28, -122, 18, 79, 122, -11, 10, -39, 31, 88, 101, -73, -85, 120
61, 89, 106, -67, 102, 28, -105, -2, -32, 9, -28, -122, 18, 79, 102, -11, 10, -39, 31, 119, 101, -73, -85, 120, -51
89, 106, -67, 102, 23, -105, -2, -32, 9, 121, -122, 18, 79, 102, -14, 10, -39, 31, 119, 120, -73, -85, 120, -51, -3
106, -67, 102, 23, -102, -2, -32, 9, 121, 111, 18, 79, 102, -14, -42, -39, 31, 119, 120, 37, -85, 120, -51, -3, 16
-67, 102, 23, -102, -97, -32, 9, 121, 111, -107, 79, 102, -14, -42, 125, 31, 119, 120, 37, 35, 120, -51, -3, 16, -123
102, 23, -102, -97, 106, 9, 121, 111, -107, 76, 102, -14, -42, 125, -59, 119, 120, 37, 35, 43, -51, -3, 16, -123, 53
-56, 53, -52, 67, 26, 74, 124, 70, 88, 4, -108, -118, -38, -105, -76, 47, 86, -10, -83, -73, -64, 49, 81, -102, -90
53, -52, 67, 26, 82, 124, 70, 88, 4, 123, -118, -38, -105, -76, -1, 86, -10, -83, -73, 77, 49, 81, -102, -90, 82
-52, 67, 26, 82, 48, 70, 88, 4, 123, 76, -38, -105, -76, -1, 55, -10, -83, -73, 77, -68, 81, -102, -90, 82, -100
67, 26, 82, 48, -11, 88, 4, 123, 76, 111, -105, -76, -1, 55, -83, -83, -73, 77, -68, -125, -102, -90, 82, -100, -30
26, 82, 48, -11, 41, 4, 123, 76, 111, 118, -76, -1, 55, -83, -43, -73, 77, -68, -125, -52, -90, 82, -100, -30, -5
82, 48, -11, 41, -99, 123, 76, 111, 118, 59, -1, 55, -83, -43, -85, 77, -68, -125, -52, 100, 82, -100, -30, -5, -105
48, -11, 41, -99, -62, 76, 111, 118, 59, -51, 55, -83, -43, -85, -24, -68, -125, -52, 100, 47, -100, -30, -5, -105, 51
-11, 41, -99, -62, -7, 111, 118, 59, -51, 114, -83, -43, -85, -24, 11, -125, -52, 100, 47, -11, -30, -5, -105, 51, 35
41, -99, -62, -7, 19, 118, 59, -51, 114, -62, -43, -85, -24, 11, -8, -52, 100, 47, -11, 38, -5, -105, 51, 35, -6
-99, -62, -7, 19, 117, 59, -51, 114, -62, -80, -85, -24, 11, -8, 31, 100, 47, -11, 38, -34, -105, 51, 35, -6, -120
-62, -7, 19, 117, -117, -51, 114, -62, -80, -19, -24, 11, -8, 31, 105, 47, -11, 38, -34, -26, 51, 35, -6, -120, 88
-7, 19, 117, -117, -11, 114, -62, -80, -19, 104, 11, -8, 31, 105, 96, -11, 38, -34, -26, -123, 35, -6, -120, 88, 98
19, 117, -117, -11, -95, -62, -80, -19, 104, 27, -8, 31, 105, 96, -124, 38, -34, -26, -123, 122, -6, -120, 88, 98, -90
117, -117, -11, -95, 116, -80, -19, 104, 27, 11, 31, 105, 96, -124, 70, -34, -26, -123, 122, -43, -120, 88, 98, -90, 81
-117, -11, -95, 116, -119, -19, 104, 27, 11, -16, 105, 96, -124, 70, 38, -26, -123, 122, -43, 66, 88, 98, -90, 81, 0
-11, -95, 116, -119, -77, 104, 27, 11, -16, 31, 96, -124, 70, 38, -97, -123, 122, -43, 66, 103, 98, -90, 81, 0, 118
-95, 116, -119, -77, -24, 27, 11, -16, 31, -70, -124, 70, 38, -97, -112, 122, -43, 66, 103, 52, -90, 81, 0, 118, -116
116, -119, -77, -24, -88, 11, -16, 31, -70, 52, 70, 38, -97, -112, 75, -43, 66, 103, 52, -86, 81, 0, 118, -116, -127
-119, -77, -24, -88, 22, -16, 31, -70, 52, 111, 38, -97, -112, 75, 122, 66, 103, 52, -86, 88, 0, 118, -116, -127, 111
-77, -24, -88, 22, 28, 31, -70, 52, 111, -28, -97, -112, 75, 122, -11, 103, 52, -86, 88, 101, 118, -116, -127, 111, 6
-24, -88, 22, 28, -105, -70, 52, 111, -28, -122, -112, 75, 122, -11, 10, 52, -86, 88, 101, -73, -116, -127, 111, 6, 120
-88, 22, 28, -105, -2, 52, 111, -28, -122, 18, 75, 122, -11, 10, -39, -86, 88, 101, -73, -85, -127, 111, 6, 120, 21
22, 28, -105, -2, -32, 111, -28, -122, 18, 79, 122, -11, 10, -39, 31, 88, 101, -73, -85, 120, 111, 6, 120, 21, -44
28, -105, -2, -32, 9, -28, -122, 18, 79, 102, -11, 10, -39, 31, 119, 101, -73, -85, 120, -51, 6, 120, 21, -44, -19
-105, -2, -32, 9, 121, -122, 18, 79, 102, -14, 10, -39, 31, 119, 120, -73, -85, 120, -51, -3, 120, 21, -44, -19, -110
-2, -32, 9, 121, 111, 18, 79, 102, -14, -42, -39, 31, 119, 120, 37, -85, 120, -51, -3, 16, 21, -44, -19, -110, 64
-32, 9, 121, 111, -107, 79, 102, -14, -42, 125, 31, 119, 120, 37, 35, 120, -51, -3, 16, -123, -44, -19, -110, 64, -44
9, 121, 111, -107, 76, 102, -14, -42, 125, -59, 119, 120, 37, 35, 43, -51, -3, 16, -123, 53, -19, -110, 64, -44, -49
74, 124, 70, 88, 4, -108, -118, -38, -105, -76, 47, 86, -10, -83, -73, -64, 49, 81, -102, -90, 91, -119, 126, -117, -13
124, 70, 88, 4, 123, -118, -38, -105, -76, -1, 86, -10, -83, -73, 77, 49, 81, -102, -90, 82, -119, 126, -117, -13, -103
70, 88, 4, 123, 76, -38, -105, -76, -1, 55, -10, -83, -73, 77, -68, 81, -102, -90, 82, -100, 126, -117, -13, -103, 83
88, 4, 123, 76, 111, -105, -76, -1, 55, -83, -83, -73, 77, -68, -125, -102, -90, 82, -100, -30, -117, -13, -103, 83, 96
4, 123, 76, 111, 118, -76, -1, 55, -83, -43, -73, 77, -68, -125, -52, -90, 82, -100, -30, -5, -13, -103, 83, 96, 28
123, 76, 111, 118, 59, -1, 55, -83, -43, -85, 77, -68, -125, -52, 100, 82, -100, -30, -5, -105, -103, 83, 96, 28, -36
76, 111, 118, 59, -51, 55, -83, -43, -85, -24, -68, -125, -52, 100, 47, -100, -30, -5, -105, 51, 83, 96, 28, -36, 121
111, 118, 59, -51, 114, -83, -43, -85, -24, 11, -125, -52, 100, 47, -11, -30, -5, -105, 51, 35, 96, 28, -36, 121, 44
118, 59, -51, 114, -62, -43, -85, -24, 11, -8, -52, 100, 47, -11, 38, -5, -105, 51, 35, -6, 28, -36, 121, 44, 92
59, -51, 114, -62, -80, -85, -24, 11, -8, 31, 100, 47, -11, 38, -34, -105, 51, 35, -6, -120, -36, 121, 44, 92, 35
-51, 114, -62, -80, -19, -24, 11, -8, 31, 105, 47, -11, 38, -34, -26, 51, 35, -6, -120, 88, 121, 44, 92, 35, 37
114, -62, -80, -19, 104, 11, -8, 31, 105, 96, -11, 38, -34, -26, -123, 35, -6, -120, 88, 98, 44, 92, 35, 37, 18
-62, -80, -19, 104, 27, -8, 31, 105, 96, -124, 38, -34, -26, -123, 122, -6, -120, 88, 98, -90, 92, 35, 37, 18, -62
-80, -19, 104, 27, 11, 31, 105, 96, -124, 70, -34, -26, -123, 122, -43, -120, 88, 98, -90, 81, 35, 37, 18, -62, -30
-19, 104, 27, 11, -16, 105, 96, -124, 70, 38, -26, -123, 122, -43, 66, 88, 98, -90, 81, 0, 37, 18, -62, -30, 74
104, 27, 11, -16, 31, 96, -124, 70, 38, -97, -123, 122, -43, 66, 103, 98, -90, 81, 0, 118, 18, -62, -30, 74, 19
27, 11, -16, 31, -70, -124, 70, 38, -97, -112, 122, -43, 66, 103, 52, -90, 81, 0, 118, -116, -62, -30, 74, 19, 56
11, -16, 31, -70, 52, 70, 38, -97, -112, 75, -43, 66, 103, 52, -86, 81, 0, 118, -116, -127, -30, 74, 19, 56, 90
-16, 31, -70, 52, 111, 38, -97, -112, 75, 122, 66, 103, 52, -86, 88, 0, 118, -116, -127, 111, 74, 19, 56, 90, 74
31, -70, 52, 111, -28, -97, -112, 75, 122, -11, 103, 52, -86, 88, 101, 118, -116, -127, 111, 6, 19, 56, 90, 74, 19
-70, 52, 111, -28, -122, -112, 75, 122, -11, 10, 52, -86, 88, 101, -73, -116, -127, 111, 6, 120, 56, 90, 74, 19, -122
52, 111, -28, -122, 18, 75, 122, -11, 10, -39, -86, 88, 101, -73, -85, -127, 111, 6, 120, 21, 90, 74, 19, -122, 46
111, -28, -122, 18, 79, 122, -11, 10, -39, 31, 88, 101, -73, -85, 120, 111, 6, 120, 21, -44, 74, 19, -122, 46, -97
-28, -122, 18, 79, 102, -11, 10, -39, 31, 119, 101, -73, -85, 120, -51, 6, 120, 21, -44, -19, 19, -122, 46, -97, 81
-122, 18, 79, 102, -14, 10, -39, 31, 119, 120, -73, -85, 120, -51, -3, 120, 21, -44, -19, -110, -122, 46, -97, 81, -123
18, 79, 102, -14, -42, -39, 31, 119, 120, 37, -85, 120, -51, -3, 16, 21, -44, -19, -110, 64, 46, -97, 81, -123, -65
79, 102, -14, -42, 125, 31, 119, 120, 37, 35, 120, -51, -3, 16, -123, -44, -19, -110, 64, -44, -97, 81, -123, -65, -63
102, -14, -42, 125, -59, 119, 120, 37, 35, 43, -51, -3, 16, -123, 53, -19, -110, 64, -44, -49, 81, -123, -65, -63, 94
-108, -118, -38, -105, -76, 47, 86, -10, -83, -73, -64, 49, 81, -102, -90, 91, -119, 126, -117, -13, -94, 107, -95, -26, -27
-118, -38, -105, -76, -1, 86, -10, -83, -73, 77, 49, 81, -102, -90, 82, -119, 126, -117, -13, -103, 107, -95, -26, -27, 14
-38, -105, -76, -1, 55, -10, -83, -73, 77, -68, 81, -102, -90, 82, -100, 126, -117, -13, -103, 83, -95, -26, -27, 14, -79
-105, -76, -1, 55, -83, -83, -73, 77, -68, -125, -102, -90, 82, -100, -30, -117, -13, -103, 83, 96, -26, -27, 14, -79, 56
-76, -1, 55, -83, -43, -73, 77, -68, -125, -52, -90, 82, -100, -30, -5, -13, -103, 83, 96, 28, -27, 14, -79, 56, -56
-1, 55, -83, -43, -85, 77, -68, -125, -52, 100, 82, -100, -30, -5, -105, -103, 83, 96, 28, -36, 14, -79, 56, -56, -123
55, -83, -43, -85, -24, -68, -125, -52, 100, 47, -100, -30, -5, -105, 51, 83, 96, 28, -36, 121, -79, 56, -56, -123, -16
-83, -43, -85, -24, 11, -125, -52, 100, 47, -11, -30, -5, -105, 51, 35, 96, 28, -36, 121, 44, 56, -56, -123, -16, 55
-43, -85, -24, 11, -8, -52, 100, 47, -11, 38, -5, -105, 51, 35, -6, 28, -36, 121, 44, 92, -56, -123, -16, 55, 82
-85, -24, 11, -8, 31, 100, 47, -11, 38, -34, -105, 51, 35, -6, -120, -36, 121, 44, 92, 35, -123, -16, 55, 82, -22
-24, 11, -8, 31, 105, 47, -11, 38, -34, -26, 51, 35, -6, -120, 88, 121, 44, 92, 35, 37, -16, 55, 82, -22, -21
11, -8, 31, 105, 96, -11, 38, -34, -26, -123, 35, -6, -120, 88, 98, 44, 92, 35, 37, 18, 55, 82, -22, -21, -10
-8, 31, 105, 96, -124, 38, -34, -26, -123, 122, -6, -120, 88, 98, -90, 92, 35, 37, 18, -62, 82, -22, -21, -10, -115
31, 105, 96, -124, 70, -34, -26, -123, 122, -43, -120, 88, 98, -90, 81, 35, 37, 18, -62, -30, -22, -21, -10, -115, -119
105, 96, -124, 70, 38, -26, -123, 122, -43, 66, 88, 98, -90, 81, 0, 37, 18, -62, -30, 74, -21, -10, -115, -119, -21
96, -124, 70, 38, -97, -123, 122, -43, 66, 103, 98, -90, 81, 0, 118, 18, -62, -30, 74, 19, -10, -115, -119, -21, 108
-124, 70, 38, -97, -112, 122, -43, 66, 103, 52, -90, 81, 0, 118, -116, -62, -30, 74, 19, 56, -115, -119, -21, 108, -47
70, 38, -97, -112, 75, -43, 66, 103, 52, -86, 81, 0, 118, -116, -127, -30, 74, 19, 56, 90, -119, -21, 108, -47, -120
38, -97, -112, 75, 122, 66, 103, 52, -86, 88, 0, 118, -116, -127, 111, 74, 19, 56, 90, 74, -21, 108, -47, -120, 97
-97, -112, 75, 122, -11, 103, 52, -86, 88, 101, 118, -116, -127, 111, 6, 19, 56, 90, 74, 19, 108, -47, -120, 97, -1
-112, 75, 122, -11, 10, 52, -86, 88, 101, -73, -116, -127, 111, 6, 120, 56, 90, 74, 19, -122, -47, -120, 97, -1, 101
75, 122, -11, 10, -39, -86, 88, 101, -73, -85, -127, 111, 6, 120, 21, 90, 74, 19, -122, 46, -120, 97, -1, 101, 27
122, -11, 10, -39, 31, 88, 101, -73, -85, 120, 111, 6, 120, 21, -44, 74, 19, -122, 46, -97, 97, -1, 101, 27, -26
-11, 10, -39, 31, 119, 101, -73, -85, 120, -51, 6, 120, 21, -44, -19, 19, -122, 46, -97, 81, -1, 101, 27, -26, -126
10, -39, 31, 119, 120, -73, -85, 120, -51, -3, 120, 21, -44, -19, -110, -122, 46, -97, 81, -123, 101, 27, -26, -126, 14
-39, 31, 119, 120, 37, -85, 120, -51, -3, 16, 21, -44, -19, -110, 64, 46, -97, 81, -123, -65, 27, -26, -126, 14, -79
31, 119, 120, 37, 35, 120, -51, -3, 16, -123, -44, -19, -110, 64, -44, -97, 81, -123, -65, -63, -26, -126, 14, -79, -28
119, 120, 37, 35, 43, -51, -3, 16, -123, 53, -19, -110, 64, -44, -49, 81, -123, -65, -63, 94, -126, 14, -79, -28, 78
